0.0  -390.92280597417863  145.4955626063467  829.3051920439638
0.05856633186340332  -390.92280597417863  145.4955626063467  829.3051920439638
0.17503762245178223  -390.92280597417863  145.4955626063467  829.3051920439638
0.26089906692504883  -390.92280597417863  145.4955626063467  829.3051920439638
0.40879321098327637  -390.92280597417863  145.4955626063467  829.3051920439638
0.4593040943145752  -390.92280597417863  145.4955626063467  829.3051920439638
0.5610635280609131  -390.92280597417863  145.4955626063467  829.3051920439638
0.6199550628662109  -390.92280597417863  145.4955626063467  829.3051920439638
0.8167645931243896  -390.92280597417863  145.4955626063467  829.3051920439638
0.8995187282562256  -390.92280597417863  145.4955626063467  829.3051920439638
0.9531481266021729  -390.92280597417863  145.4955626063467  829.3051920439638
1.014472246170044  -390.92280597417863  145.4955626063467  829.3051920439638
1.112731695175171  -390.92280597417863  145.4955626063467  829.3051920439638
1.2581160068511963  -390.92280597417863  145.4955626063467  829.3051920439638
1.4928219318389893  -390.92280597417863  145.4955626063467  829.3051920439638
1.6153442859649658  -390.92280597417863  145.4955626063467  829.3051920439638
1.6728675365447998  -390.92280597417863  145.4955626063467  829.3051920439638
1.8130943775177002  -390.92280597417863  145.4955626063467  829.3051920439638
1.9546558856964111  -390.92280597417863  145.4955626063467  829.3051920439638
2.1511828899383545  -390.92280597417863  145.4955626063467  829.3051920439638
2.373722791671753  -390.92280597417863  145.4955626063467  829.3051920439638
2.436769723892212  -390.92280597417863  145.4955626063467  829.3051920439638
2.642713785171509  -390.92280597417863  145.4955626063467  829.3051920439638
2.7758991718292236  -390.92280597417863  145.4955626063467  829.3051920439638
2.828727960586548  -390.92280597417863  145.4955626063467  829.3051920439638
2.9641005992889404  -390.92280597417863  145.4955626063467  829.3051920439638
3.100043773651123  -390.92280597417863  145.4955626063467  829.3051920439638
3.222217321395874  -390.92280597417863  145.4955626063467  829.3051920439638
3.3098671436309814  -390.92280597417863  145.4955626063467  829.3051920439638
3.5210187435150146  -390.92280597417863  145.4955626063467  829.3051920439638
3.6204135417938232  -390.92280597417863  145.4955626063467  829.3051920439638
3.695349931716919  -390.92280597417863  145.4955626063467  829.3051920439638
3.756669282913208  -390.92280597417863  145.4955626063467  829.3051920439638
3.995831251144409  -390.92280597417863  145.4955626063467  829.3051920439638
4.09904146194458  -390.92280597417863  145.4955626063467  829.3051920439638
4.353533506393433  -390.92280597417863  145.4955626063467  829.3051920439638
4.579505681991577  -390.92280597417863  145.4955626063467  829.3051920439638
4.769118070602417  -390.92280597417863  145.4955626063467  829.3051920439638
4.958720922470093  -390.92280597417863  145.4955626063467  829.3051920439638
5.253778696060181  -390.92280597417863  145.4955626063467  829.3051920439638
5.460596323013306  -390.92280597417863  145.4955626063467  829.3051920439638
5.768016815185547  -390.92280597417863  145.4955626063467  829.3051920439638
5.911296129226685  -390.92280597417863  145.4955626063467  829.3051920439638
6.021912574768066  -390.92280597417863  145.4955626063467  829.3051920439638
6.078907251358032  -390.92280597417863  145.4955626063467  829.3051920439638
6.1473069190979  -390.92280597417863  145.4955626063467  829.3051920439638
6.2153565883636475  -390.92280597417863  145.4955626063467  829.3051920439638
6.315965414047241  -390.92280597417863  145.4955626063467  829.3051920439638
6.397332668304443  -390.92280597417863  145.4955626063467  829.3051920439638
6.5544445514678955  -390.92280597417863  145.4955626063467  829.3051920439638
6.622239112854004  -390.92280597417863  145.4955626063467  829.3051920439638
6.708392858505249  -390.92280597417863  145.4955626063467  829.3051920439638
6.7670557498931885  -390.92280597417863  145.4955626063467  829.3051920439638
6.9109742641448975  -390.92280597417863  145.4955626063467  829.3051920439638
7.020502805709839  -390.92280597417863  145.4955626063467  829.3051920439638
7.12345290184021  -390.92280597417863  145.4955626063467  829.3051920439638
7.18715500831604  -390.92280597417863  145.4955626063467  829.3051920439638
7.244039058685303  -390.92280597417863  145.4955626063467  829.3051920439638
7.3575146198272705  -390.92280597417863  145.4955626063467  829.3051920439638
7.407644033432007  -390.92280597417863  145.4955626063467  829.3051920439638
7.5297768115997314  -390.92280597417863  145.4955626063467  829.3051920439638
7.614619970321655  -390.92280597417863  145.4955626063467  829.3051920439638
7.713923215866089  -390.92280597417863  145.4955626063467  829.3051920439638
7.77503514289856  -390.92280597417863  145.4955626063467  829.3051920439638
7.907784461975098  -390.92280597417863  145.4955626063467  829.3051920439638
8.067057847976685  -390.92280597417863  145.4955626063467  829.3051920439638
8.123707056045532  -390.92280597417863  145.4955626063467  829.3051920439638
8.197378873825073  -390.92280597417863  145.4955626063467  829.3051920439638
8.275676965713501  -390.92280597417863  145.4955626063467  829.3051920439638
8.458220720291138  -390.92280597417863  145.4955626063467  829.3051920439638
8.600678443908691  -390.92280597417863  145.4955626063467  829.3051920439638
8.696975231170654  -390.92280597417863  145.4955626063467  829.3051920439638
8.874810934066772  -390.92280597417863  145.4955626063467  829.3051920439638
8.956655979156494  -390.92280597417863  145.4955626063467  829.3051920439638
9.080799341201782  -390.92280597417863  145.4955626063467  829.3051920439638
9.157286405563354  -390.92280597417863  145.4955626063467  829.3051920439638
9.253323316574097  -390.92280597417863  145.4955626063467  829.3051920439638
9.313161611557007  -390.92280597417863  145.4955626063467  829.3051920439638
9.428134679794312  -390.92280597417863  145.4955626063467  829.3051920439638
9.48280143737793  -390.92280597417863  145.4955626063467  829.3051920439638
9.56027340888977  -390.92280597417863  145.4955626063467  829.3051920439638
9.664766073226929  -390.92280597417863  145.4955626063467  829.3051920439638
9.73634648323059  -390.92280597417863  145.4955626063467  829.3051920439638
9.845619916915894  -390.92280597417863  145.4955626063467  829.3051920439638
9.963804960250854  -390.92280597417863  145.4955626063467  829.3051920439638
10.115401029586792  -390.92280597417863  145.4955626063467  829.3051920439638
10.171108961105347  -390.92280597417863  145.4955626063467  829.3051920439638
10.373484373092651  -390.92280597417863  145.4955626063467  829.3051920439638
10.442438125610352  -390.92280597417863  145.4955626063467  829.3051920439638
10.570575475692749  -390.92280597417863  145.4955626063467  829.3051920439638
10.657994985580444  -390.92280597417863  145.4955626063467  829.3051920439638
10.838132381439209  -390.92280597417863  145.4955626063467  829.3051920439638
10.919793367385864  -390.92280597417863  145.4955626063467  829.3051920439638
11.019554376602173  -390.92280597417863  145.4955626063467  829.3051920439638
11.102363348007202  -390.92280597417863  145.4955626063467  829.3051920439638
11.184288740158081  -390.92280597417863  145.4955626063467  829.3051920439638
11.236787796020508  -390.92280597417863  145.4955626063467  829.3051920439638
11.316039562225342  -390.92280597417863  145.4955626063467  829.3051920439638
11.429420948028564  -390.92280597417863  145.4955626063467  829.3051920439638
11.579370260238647  -390.92280597417863  145.4955626063467  829.3051920439638
11.680568218231201  -390.92280597417863  145.4955626063467  829.3051920439638
11.918880224227905  -390.92280597417863  145.4955626063467  829.3051920439638
12.049854040145874  -390.92280597417863  145.4955626063467  829.3051920439638
12.124054908752441  -390.92280597417863  145.4955626063467  829.3051920439638
12.215288639068604  -390.92280597417863  145.4955626063467  829.3051920439638
12.297641515731812  -390.92280597417863  145.4955626063467  829.3051920439638
12.374072313308716  -390.92280597417863  145.4955626063467  829.3051920439638
12.442927122116089  -390.92280597417863  145.4955626063467  829.3051920439638
12.518937349319458  -390.92280597417863  145.4955626063467  829.3051920439638
12.673282861709595  -390.92280597417863  145.4955626063467  829.3051920439638
12.763548612594604  -390.92280597417863  145.4955626063467  829.3051920439638
12.85433030128479  -390.92280597417863  145.4955626063467  829.3051920439638
12.976531744003296  -390.92280597417863  145.4955626063467  829.3051920439638
13.046612024307251  -390.92280597417863  145.4955626063467  829.3051920439638
13.159337759017944  -390.92280597417863  145.4955626063467  829.3051920439638
13.245634317398071  -390.92280597417863  145.4955626063467  829.3051920439638
13.308704614639282  -390.92280597417863  145.4955626063467  829.3051920439638
13.416442155838013  -390.92280597417863  145.4955626063467  829.3051920439638
13.478628873825073  -390.92280597417863  145.4955626063467  829.3051920439638
0.0  -1.8336695134840542  170.35751849315594  842.3836511858176
0.05856633186340332  -1.8336695134840542  170.35751849315594  842.3836511858176
0.17503762245178223  -1.8336695134840542  170.35751849315594  842.3836511858176
0.26089906692504883  -1.8336695134840542  170.35751849315594  842.3836511858176
0.43743371963500977  -1.8336695134840542  170.35751849315594  842.3836511858176
0.5610635280609131  -1.8336695134840542  170.35751849315594  842.3836511858176
0.6199550628662109  -1.8336695134840542  170.35751849315594  842.3836511858176
0.8324897289276123  -1.8336695134840542  170.35751849315594  842.3836511858176
0.9226322174072266  -1.8336695134840542  170.35751849315594  842.3836511858176
0.982163667678833  -1.8336695134840542  170.35751849315594  842.3836511858176
1.060039758682251  -1.8336695134840542  170.35751849315594  842.3836511858176
1.112731695175171  -1.8336695134840542  170.35751849315594  842.3836511858176
1.2581160068511963  -1.8336695134840542  170.35751849315594  842.3836511858176
1.5768182277679443  -1.8336695134840542  170.35751849315594  842.3836511858176
1.643099069595337  -1.8336695134840542  170.35751849315594  842.3836511858176
1.9303717613220215  -1.8336695134840542  170.35751849315594  842.3836511858176
2.373722791671753  -1.8336695134840542  170.35751849315594  842.3836511858176
2.436769723892212  -1.8336695134840542  170.35751849315594  842.3836511858176
2.668321371078491  -1.8336695134840542  170.35751849315594  842.3836511858176
2.7758991718292236  -1.8336695134840542  170.35751849315594  842.3836511858176
2.8487117290496826  -1.8336695134840542  170.35751849315594  842.3836511858176
3.100043773651123  -1.8336695134840542  170.35751849315594  842.3836511858176
3.222217321395874  -1.8336695134840542  170.35751849315594  842.3836511858176
3.3098671436309814  -1.8336695134840542  170.35751849315594  842.3836511858176
3.5210187435150146  -1.8336695134840542  170.35751849315594  842.3836511858176
3.6204135417938232  -1.8336695134840542  170.35751849315594  842.3836511858176
3.756669282913208  -1.8336695134840542  170.35751849315594  842.3836511858176
4.09904146194458  -1.8336695134840542  170.35751849315594  842.3836511858176
4.579505681991577  -1.8336695134840542  170.35751849315594  842.3836511858176
4.769118070602417  -1.8336695134840542  170.35751849315594  842.3836511858176
5.163022041320801  -1.8336695134840542  170.35751849315594  842.3836511858176
5.460596323013306  -1.8336695134840542  170.35751849315594  842.3836511858176
5.900957822799683  -1.8336695134840542  170.35751849315594  842.3836511858176
6.078907251358032  -1.8336695134840542  170.35751849315594  842.3836511858176
6.1473069190979  -1.8336695134840542  170.35751849315594  842.3836511858176
6.250514268875122  -1.8336695134840542  170.35751849315594  842.3836511858176
6.355956315994263  -1.8336695134840542  170.35751849315594  842.3836511858176
6.41230845451355  -1.8336695134840542  170.35751849315594  842.3836511858176
6.604368448257446  -1.8336695134840542  170.35751849315594  842.3836511858176
6.736138820648193  -1.8336695134840542  170.35751849315594  842.3836511858176
6.815598249435425  -1.8336695134840542  170.35751849315594  842.3836511858176
6.9109742641448975  -1.8336695134840542  170.35751849315594  842.3836511858176
7.050532102584839  -1.8336695134840542  170.35751849315594  842.3836511858176
7.18715500831604  -1.8336695134840542  170.35751849315594  842.3836511858176
7.271193742752075  -1.8336695134840542  170.35751849315594  842.3836511858176
7.407644033432007  -1.8336695134840542  170.35751849315594  842.3836511858176
7.609360456466675  -1.8336695134840542  170.35751849315594  842.3836511858176
7.660914659500122  -1.8336695134840542  170.35751849315594  842.3836511858176
7.713923215866089  -1.8336695134840542  170.35751849315594  842.3836511858176
7.77503514289856  -1.8336695134840542  170.35751849315594  842.3836511858176
7.9478600025177  -1.8336695134840542  170.35751849315594  842.3836511858176
8.096397161483765  -1.8336695134840542  170.35751849315594  842.3836511858176
8.275676965713501  -1.8336695134840542  170.35751849315594  842.3836511858176
8.553367853164673  -1.8336695134840542  170.35751849315594  842.3836511858176
8.614815711975098  -1.8336695134840542  170.35751849315594  842.3836511858176
8.696975231170654  -1.8336695134840542  170.35751849315594  842.3836511858176
8.874810934066772  -1.8336695134840542  170.35751849315594  842.3836511858176
9.038295030593872  -1.8336695134840542  170.35751849315594  842.3836511858176
9.157286405563354  -1.8336695134840542  170.35751849315594  842.3836511858176
9.253323316574097  -1.8336695134840542  170.35751849315594  842.3836511858176
9.313161611557007  -1.8336695134840542  170.35751849315594  842.3836511858176
9.428134679794312  -1.8336695134840542  170.35751849315594  842.3836511858176
9.48280143737793  -1.8336695134840542  170.35751849315594  842.3836511858176
9.56027340888977  -1.8336695134840542  170.35751849315594  842.3836511858176
9.664766073226929  -1.8336695134840542  170.35751849315594  842.3836511858176
9.73634648323059  -1.8336695134840542  170.35751849315594  842.3836511858176
9.94448184967041  -1.8336695134840542  170.35751849315594  842.3836511858176
10.115401029586792  -1.8336695134840542  170.35751849315594  842.3836511858176
10.171108961105347  -1.8336695134840542  170.35751849315594  842.3836511858176
10.373484373092651  -1.8336695134840542  170.35751849315594  842.3836511858176
10.458439588546753  -1.8336695134840542  170.35751849315594  842.3836511858176
10.63808798789978  -1.8336695134840542  170.35751849315594  842.3836511858176
10.820892095565796  -1.8336695134840542  170.35751849315594  842.3836511858176
10.879887580871582  -1.8336695134840542  170.35751849315594  842.3836511858176
11.065988779067993  -1.8336695134840542  170.35751849315594  842.3836511858176
11.22809100151062  -1.8336695134840542  170.35751849315594  842.3836511858176
11.316039562225342  -1.8336695134840542  170.35751849315594  842.3836511858176
11.369895696640015  -1.8336695134840542  170.35751849315594  842.3836511858176
11.429420948028564  -1.8336695134840542  170.35751849315594  842.3836511858176
11.629249572753906  -1.8336695134840542  170.35751849315594  842.3836511858176
11.680568218231201  -1.8336695134840542  170.35751849315594  842.3836511858176
12.021718978881836  -1.8336695134840542  170.35751849315594  842.3836511858176
12.124054908752441  -1.8336695134840542  170.35751849315594  842.3836511858176
12.286714553833008  -1.8336695134840542  170.35751849315594  842.3836511858176
12.374072313308716  -1.8336695134840542  170.35751849315594  842.3836511858176
12.461743831634521  -1.8336695134840542  170.35751849315594  842.3836511858176
12.518937349319458  -1.8336695134840542  170.35751849315594  842.3836511858176
12.673282861709595  -1.8336695134840542  170.35751849315594  842.3836511858176
12.763548612594604  -1.8336695134840542  170.35751849315594  842.3836511858176
12.976531744003296  -1.8336695134840542  170.35751849315594  842.3836511858176
13.076316118240356  -1.8336695134840542  170.35751849315594  842.3836511858176
13.159337759017944  -1.8336695134840542  170.35751849315594  842.3836511858176
13.245634317398071  -1.8336695134840542  170.35751849315594  842.3836511858176
13.308704614639282  -1.8336695134840542  170.35751849315594  842.3836511858176
13.416442155838013  -1.8336695134840542  170.35751849315594  842.3836511858176
13.577305555343628  -1.8336695134840542  170.35751849315594  842.3836511858176
