0.0  -111.8730162474085  -257.0777926471445  1134.889664424265
0.05458498001098633  -111.8730162474085  -257.0777926471445  1134.889664424265
0.1056513786315918  -111.8730162474085  -257.0777926471445  1134.889664424265
0.15627527236938477  -111.8730162474085  -257.0777926471445  1134.889664424265
0.2462601661682129  -111.8730162474085  -257.0777926471445  1134.889664424265
0.31444501876831055  -111.8730162474085  -257.0777926471445  1134.889664424265
0.36494994163513184  -111.8730162474085  -257.0777926471445  1134.889664424265
0.43800830841064453  -111.8730162474085  -257.0777926471445  1134.889664424265
0.5117778778076172  -111.8730162474085  -257.0777926471445  1134.889664424265
0.6299121379852295  -111.8730162474085  -257.0777926471445  1134.889664424265
0.6875858306884766  -111.8730162474085  -257.0777926471445  1134.889664424265
0.7543659210205078  -111.8730162474085  -257.0777926471445  1134.889664424265
0.8063077926635742  -111.8730162474085  -257.0777926471445  1134.889664424265
0.8610053062438965  -111.8730162474085  -257.0777926471445  1134.889664424265
0.9669251441955566  -111.8730162474085  -257.0777926471445  1134.889664424265
1.056046962738037  -111.8730162474085  -257.0777926471445  1134.889664424265
1.1098074913024902  -111.8730162474085  -257.0777926471445  1134.889664424265
1.200699806213379  -111.8730162474085  -257.0777926471445  1134.889664424265
1.270951271057129  -111.8730162474085  -257.0777926471445  1134.889664424265
1.3303003311157227  -111.8730162474085  -257.0777926471445  1134.889664424265
1.3819432258605957  -111.8730162474085  -257.0777926471445  1134.889664424265
1.4334492683410645  -111.8730162474085  -257.0777926471445  1134.889664424265
1.518542766571045  -111.8730162474085  -257.0777926471445  1134.889664424265
1.5733261108398438  -111.8730162474085  -257.0777926471445  1134.889664424265
1.6396455764770508  -111.8730162474085  -257.0777926471445  1134.889664424265
1.7288718223571777  -111.8730162474085  -257.0777926471445  1134.889664424265
1.799511432647705  -111.8730162474085  -257.0777926471445  1134.889664424265
1.8533306121826172  -111.8730162474085  -257.0777926471445  1134.889664424265
1.9451043605804443  -111.8730162474085  -257.0777926471445  1134.889664424265
2.0123231410980225  -111.8730162474085  -257.0777926471445  1134.889664424265
2.1029391288757324  -111.8730162474085  -257.0777926471445  1134.889664424265
2.1690688133239746  -111.8730162474085  -257.0777926471445  1134.889664424265
2.228372097015381  -111.8730162474085  -257.0777926471445  1134.889664424265
2.307705879211426  -111.8730162474085  -257.0777926471445  1134.889664424265
2.3683576583862305  -111.8730162474085  -257.0777926471445  1134.889664424265
2.429647445678711  -111.8730162474085  -257.0777926471445  1134.889664424265
2.5033516883850098  -111.8730162474085  -257.0777926471445  1134.889664424265
2.5632033348083496  -111.8730162474085  -257.0777926471445  1134.889664424265
2.6521124839782715  -111.8730162474085  -257.0777926471445  1134.889664424265
2.715596914291382  -111.8730162474085  -257.0777926471445  1134.889664424265
2.7822043895721436  -111.8730162474085  -257.0777926471445  1134.889664424265
2.8386807441711426  -111.8730162474085  -257.0777926471445  1134.889664424265
2.9151902198791504  -111.8730162474085  -257.0777926471445  1134.889664424265
2.9766294956207275  -111.8730162474085  -257.0777926471445  1134.889664424265
3.0588083267211914  -111.8730162474085  -257.0777926471445  1134.889664424265
3.1318938732147217  -111.8730162474085  -257.0777926471445  1134.889664424265
3.185824394226074  -111.8730162474085  -257.0777926471445  1134.889664424265
3.2518885135650635  -111.8730162474085  -257.0777926471445  1134.889664424265
3.3118488788604736  -111.8730162474085  -257.0777926471445  1134.889664424265
3.3827381134033203  -111.8730162474085  -257.0777926471445  1134.889664424265
3.461141586303711  -111.8730162474085  -257.0777926471445  1134.889664424265
3.5623936653137207  -111.8730162474085  -257.0777926471445  1134.889664424265
3.6350021362304688  -111.8730162474085  -257.0777926471445  1134.889664424265
3.6905620098114014  -111.8730162474085  -257.0777926471445  1134.889664424265
3.75521183013916  -111.8730162474085  -257.0777926471445  1134.889664424265
3.8212528228759766  -111.8730162474085  -257.0777926471445  1134.889664424265
3.8818068504333496  -111.8730162474085  -257.0777926471445  1134.889664424265
3.9576971530914307  -111.8730162474085  -257.0777926471445  1134.889664424265
4.016788959503174  -111.8730162474085  -257.0777926471445  1134.889664424265
4.090188026428223  -111.8730162474085  -257.0777926471445  1134.889664424265
4.158831596374512  -111.8730162474085  -257.0777926471445  1134.889664424265
4.233840465545654  -111.8730162474085  -257.0777926471445  1134.889664424265
4.288025617599487  -111.8730162474085  -257.0777926471445  1134.889664424265
4.3508100509643555  -111.8730162474085  -257.0777926471445  1134.889664424265
4.423634052276611  -111.8730162474085  -257.0777926471445  1134.889664424265
4.51047420501709  -111.8730162474085  -257.0777926471445  1134.889664424265
4.61751127243042  -111.8730162474085  -257.0777926471445  1134.889664424265
4.700582504272461  -111.8730162474085  -257.0777926471445  1134.889664424265
4.753937244415283  -111.8730162474085  -257.0777926471445  1134.889664424265
4.858004570007324  -111.8730162474085  -257.0777926471445  1134.889664424265
4.911661624908447  -111.8730162474085  -257.0777926471445  1134.889664424265
4.968697786331177  -111.8730162474085  -257.0777926471445  1134.889664424265
5.0383734703063965  -111.8730162474085  -257.0777926471445  1134.889664424265
5.091138124465942  -111.8730162474085  -257.0777926471445  1134.889664424265
5.162395715713501  -111.8730162474085  -257.0777926471445  1134.889664424265
5.260926246643066  -111.8730162474085  -257.0777926471445  1134.889664424265
5.31133508682251  -111.8730162474085  -257.0777926471445  1134.889664424265
5.382410049438477  -111.8730162474085  -257.0777926471445  1134.889664424265
5.459324359893799  -111.8730162474085  -257.0777926471445  1134.889664424265
5.550765514373779  -111.8730162474085  -257.0777926471445  1134.889664424265
5.602038383483887  -111.8730162474085  -257.0777926471445  1134.889664424265
5.658551931381226  -111.8730162474085  -257.0777926471445  1134.889664424265
5.7670111656188965  -111.8730162474085  -257.0777926471445  1134.889664424265
5.837658405303955  -111.8730162474085  -257.0777926471445  1134.889664424265
5.908699035644531  -111.8730162474085  -257.0777926471445  1134.889664424265
5.960919380187988  -111.8730162474085  -257.0777926471445  1134.889664424265
6.037517309188843  -111.8730162474085  -257.0777926471445  1134.889664424265
6.106378555297852  -111.8730162474085  -257.0777926471445  1134.889664424265
6.2084572315216064  -111.8730162474085  -257.0777926471445  1134.889664424265
