0.0  -41.61339543736857  -246.66425823121492  1544.9069986625286
0.05856633186340332  -41.61339543736857  -246.66425823121492  1544.9069986625286
0.17503762245178223  -41.61339543736857  -246.66425823121492  1544.9069986625286
0.26089906692504883  -41.61339543736857  -246.66425823121492  1544.9069986625286
0.43743371963500977  -41.61339543736857  -246.66425823121492  1544.9069986625286
0.5610635280609131  -41.61339543736857  -246.66425823121492  1544.9069986625286
0.6199550628662109  -41.61339543736857  -246.66425823121492  1544.9069986625286
0.8167645931243896  -41.61339543736857  -246.66425823121492  1544.9069986625286
0.8995187282562256  -41.61339543736857  -246.66425823121492  1544.9069986625286
0.9531481266021729  -41.61339543736857  -246.66425823121492  1544.9069986625286
1.014472246170044  -41.61339543736857  -246.66425823121492  1544.9069986625286
1.112731695175171  -41.61339543736857  -246.66425823121492  1544.9069986625286
1.2581160068511963  -41.61339543736857  -246.66425823121492  1544.9069986625286
1.4928219318389893  -41.61339543736857  -246.66425823121492  1544.9069986625286
1.6153442859649658  -41.61339543736857  -246.66425823121492  1544.9069986625286
1.6728675365447998  -41.61339543736857  -246.66425823121492  1544.9069986625286
1.9055039882659912  -41.61339543736857  -246.66425823121492  1544.9069986625286
1.9778249263763428  -41.61339543736857  -246.66425823121492  1544.9069986625286
2.217188596725464  -41.61339543736857  -246.66425823121492  1544.9069986625286
2.373722791671753  -41.61339543736857  -246.66425823121492  1544.9069986625286
2.436769723892212  -41.61339543736857  -246.66425823121492  1544.9069986625286
2.642713785171509  -41.61339543736857  -246.66425823121492  1544.9069986625286
2.7758991718292236  -41.61339543736857  -246.66425823121492  1544.9069986625286
2.8487117290496826  -41.61339543736857  -246.66425823121492  1544.9069986625286
3.100043773651123  -41.61339543736857  -246.66425823121492  1544.9069986625286
3.222217321395874  -41.61339543736857  -246.66425823121492  1544.9069986625286
3.3098671436309814  -41.61339543736857  -246.66425823121492  1544.9069986625286
3.5210187435150146  -41.61339543736857  -246.66425823121492  1544.9069986625286
3.6204135417938232  -41.61339543736857  -246.66425823121492  1544.9069986625286
3.7212040424346924  -41.61339543736857  -246.66425823121492  1544.9069986625286
3.7716963291168213  -41.61339543736857  -246.66425823121492  1544.9069986625286
4.027517080307007  -41.61339543736857  -246.66425823121492  1544.9069986625286
4.09904146194458  -41.61339543736857  -246.66425823121492  1544.9069986625286
4.480109930038452  -41.61339543736857  -246.66425823121492  1544.9069986625286
4.579505681991577  -41.61339543736857  -246.66425823121492  1544.9069986625286
4.769118070602417  -41.61339543736857  -246.66425823121492  1544.9069986625286
5.072381019592285  -41.61339543736857  -246.66425823121492  1544.9069986625286
5.318098306655884  -41.61339543736857  -246.66425823121492  1544.9069986625286
5.460596323013306  -41.61339543736857  -246.66425823121492  1544.9069986625286
5.826636552810669  -41.61339543736857  -246.66425823121492  1544.9069986625286
5.911296129226685  -41.61339543736857  -246.66425823121492  1544.9069986625286
6.021912574768066  -41.61339543736857  -246.66425823121492  1544.9069986625286
6.078907251358032  -41.61339543736857  -246.66425823121492  1544.9069986625286
6.1473069190979  -41.61339543736857  -246.66425823121492  1544.9069986625286
6.250514268875122  -41.61339543736857  -246.66425823121492  1544.9069986625286
6.315965414047241  -41.61339543736857  -246.66425823121492  1544.9069986625286
6.397332668304443  -41.61339543736857  -246.66425823121492  1544.9069986625286
6.562290906906128  -41.61339543736857  -246.66425823121492  1544.9069986625286
6.622239112854004  -41.61339543736857  -246.66425823121492  1544.9069986625286
6.708392858505249  -41.61339543736857  -246.66425823121492  1544.9069986625286
6.815598249435425  -41.61339543736857  -246.66425823121492  1544.9069986625286
6.9109742641448975  -41.61339543736857  -246.66425823121492  1544.9069986625286
7.050532102584839  -41.61339543736857  -246.66425823121492  1544.9069986625286
7.18715500831604  -41.61339543736857  -246.66425823121492  1544.9069986625286
7.244039058685303  -41.61339543736857  -246.66425823121492  1544.9069986625286
7.407644033432007  -41.61339543736857  -246.66425823121492  1544.9069986625286
7.5297768115997314  -41.61339543736857  -246.66425823121492  1544.9069986625286
7.614619970321655  -41.61339543736857  -246.66425823121492  1544.9069986625286
7.713923215866089  -41.61339543736857  -246.66425823121492  1544.9069986625286
7.77503514289856  -41.61339543736857  -246.66425823121492  1544.9069986625286
7.9478600025177  -41.61339543736857  -246.66425823121492  1544.9069986625286
8.067057847976685  -41.61339543736857  -246.66425823121492  1544.9069986625286
8.123707056045532  -41.61339543736857  -246.66425823121492  1544.9069986625286
8.218082666397095  -41.61339543736857  -246.66425823121492  1544.9069986625286
8.275676965713501  -41.61339543736857  -246.66425823121492  1544.9069986625286
8.478192567825317  -41.61339543736857  -246.66425823121492  1544.9069986625286
8.614815711975098  -41.61339543736857  -246.66425823121492  1544.9069986625286
8.696975231170654  -41.61339543736857  -246.66425823121492  1544.9069986625286
8.874810934066772  -41.61339543736857  -246.66425823121492  1544.9069986625286
9.021932125091553  -41.61339543736857  -246.66425823121492  1544.9069986625286
9.080799341201782  -41.61339543736857  -246.66425823121492  1544.9069986625286
9.157286405563354  -41.61339543736857  -246.66425823121492  1544.9069986625286
9.253323316574097  -41.61339543736857  -246.66425823121492  1544.9069986625286
9.313161611557007  -41.61339543736857  -246.66425823121492  1544.9069986625286
9.428134679794312  -41.61339543736857  -246.66425823121492  1544.9069986625286
9.48280143737793  -41.61339543736857  -246.66425823121492  1544.9069986625286
9.56027340888977  -41.61339543736857  -246.66425823121492  1544.9069986625286
9.664766073226929  -41.61339543736857  -246.66425823121492  1544.9069986625286
9.73634648323059  -41.61339543736857  -246.66425823121492  1544.9069986625286
9.87953495979309  -41.61339543736857  -246.66425823121492  1544.9069986625286
9.963804960250854  -41.61339543736857  -246.66425823121492  1544.9069986625286
10.115401029586792  -41.61339543736857  -246.66425823121492  1544.9069986625286
10.171108961105347  -41.61339543736857  -246.66425823121492  1544.9069986625286
10.373484373092651  -41.61339543736857  -246.66425823121492  1544.9069986625286
10.442438125610352  -41.61339543736857  -246.66425823121492  1544.9069986625286
10.63808798789978  -41.61339543736857  -246.66425823121492  1544.9069986625286
10.77912187576294  -41.61339543736857  -246.66425823121492  1544.9069986625286
10.838132381439209  -41.61339543736857  -246.66425823121492  1544.9069986625286
10.919793367385864  -41.61339543736857  -246.66425823121492  1544.9069986625286
11.019554376602173  -41.61339543736857  -246.66425823121492  1544.9069986625286
11.102363348007202  -41.61339543736857  -246.66425823121492  1544.9069986625286
11.184288740158081  -41.61339543736857  -246.66425823121492  1544.9069986625286
11.236787796020508  -41.61339543736857  -246.66425823121492  1544.9069986625286
11.316039562225342  -41.61339543736857  -246.66425823121492  1544.9069986625286
11.429420948028564  -41.61339543736857  -246.66425823121492  1544.9069986625286
11.579370260238647  -41.61339543736857  -246.66425823121492  1544.9069986625286
11.680568218231201  -41.61339543736857  -246.66425823121492  1544.9069986625286
11.926393270492554  -41.61339543736857  -246.66425823121492  1544.9069986625286
12.108859062194824  -41.61339543736857  -246.66425823121492  1544.9069986625286
12.286714553833008  -41.61339543736857  -246.66425823121492  1544.9069986625286
12.374072313308716  -41.61339543736857  -246.66425823121492  1544.9069986625286
12.461743831634521  -41.61339543736857  -246.66425823121492  1544.9069986625286
12.518937349319458  -41.61339543736857  -246.66425823121492  1544.9069986625286
12.673282861709595  -41.61339543736857  -246.66425823121492  1544.9069986625286
12.763548612594604  -41.61339543736857  -246.66425823121492  1544.9069986625286
12.85433030128479  -41.61339543736857  -246.66425823121492  1544.9069986625286
12.976531744003296  -41.61339543736857  -246.66425823121492  1544.9069986625286
13.076316118240356  -41.61339543736857  -246.66425823121492  1544.9069986625286
13.159337759017944  -41.61339543736857  -246.66425823121492  1544.9069986625286
13.245634317398071  -41.61339543736857  -246.66425823121492  1544.9069986625286
13.308704614639282  -41.61339543736857  -246.66425823121492  1544.9069986625286
13.416442155838013  -41.61339543736857  -246.66425823121492  1544.9069986625286
13.500929117202759  -41.61339543736857  -246.66425823121492  1544.9069986625286
