0.0  -412.8807521296814  -398.2942837663706  1280.5278061804222
0.056177616119384766  -412.8807521296814  -398.2942837663706  1280.5278061804222
0.11393070220947266  -412.8807521296814  -398.2942837663706  1280.5278061804222
0.17409896850585938  -412.8807521296814  -398.2942837663706  1280.5278061804222
0.22841835021972656  -412.8807521296814  -398.2942837663706  1280.5278061804222
0.30895328521728516  -412.8807521296814  -398.2942837663706  1280.5278061804222
0.36744165420532227  -412.8807521296814  -398.2942837663706  1280.5278061804222
0.43637514114379883  -412.8807521296814  -398.2942837663706  1280.5278061804222
0.4882669448852539  -412.8807521296814  -398.2942837663706  1280.5278061804222
0.5454983711242676  -412.8807521296814  -398.2942837663706  1280.5278061804222
0.607111930847168  -412.8807521296814  -398.2942837663706  1280.5278061804222
0.6782798767089844  -412.8807521296814  -398.2942837663706  1280.5278061804222
0.7508997917175293  -412.8807521296814  -398.2942837663706  1280.5278061804222
0.8041911125183105  -412.8807521296814  -398.2942837663706  1280.5278061804222
0.8635320663452148  -412.8807521296814  -398.2942837663706  1280.5278061804222
0.9367949962615967  -412.8807521296814  -398.2942837663706  1280.5278061804222
1.0140814781188965  -412.8807521296814  -398.2942837663706  1280.5278061804222
1.0829904079437256  -412.8807521296814  -398.2942837663706  1280.5278061804222
1.1420173645019531  -412.8807521296814  -398.2942837663706  1280.5278061804222
1.2061021327972412  -412.8807521296814  -398.2942837663706  1280.5278061804222
1.2655420303344727  -412.8807521296814  -398.2942837663706  1280.5278061804222
1.3312149047851562  -412.8807521296814  -398.2942837663706  1280.5278061804222
1.4059672355651855  -412.8807521296814  -398.2942837663706  1280.5278061804222
1.4564638137817383  -412.8807521296814  -398.2942837663706  1280.5278061804222
1.5190722942352295  -412.8807521296814  -398.2942837663706  1280.5278061804222
1.5796823501586914  -412.8807521296814  -398.2942837663706  1280.5278061804222
1.6347558498382568  -412.8807521296814  -398.2942837663706  1280.5278061804222
1.6897597312927246  -412.8807521296814  -398.2942837663706  1280.5278061804222
1.7559514045715332  -412.8807521296814  -398.2942837663706  1280.5278061804222
1.8239455223083496  -412.8807521296814  -398.2942837663706  1280.5278061804222
1.8826723098754883  -412.8807521296814  -398.2942837663706  1280.5278061804222
1.939821720123291  -412.8807521296814  -398.2942837663706  1280.5278061804222
1.9931235313415527  -412.8807521296814  -398.2942837663706  1280.5278061804222
2.0431389808654785  -412.8807521296814  -398.2942837663706  1280.5278061804222
2.1131598949432373  -412.8807521296814  -398.2942837663706  1280.5278061804222
2.205656051635742  -412.8807521296814  -398.2942837663706  1280.5278061804222
2.2658820152282715  -412.8807521296814  -398.2942837663706  1280.5278061804222
2.3274102210998535  -412.8807521296814  -398.2942837663706  1280.5278061804222
2.3814830780029297  -412.8807521296814  -398.2942837663706  1280.5278061804222
2.4368629455566406  -412.8807521296814  -398.2942837663706  1280.5278061804222
2.5449342727661133  -412.8807521296814  -398.2942837663706  1280.5278061804222
2.6085500717163086  -412.8807521296814  -398.2942837663706  1280.5278061804222
2.6821508407592773  -412.8807521296814  -398.2942837663706  1280.5278061804222
2.7531118392944336  -412.8807521296814  -398.2942837663706  1280.5278061804222
2.810487985610962  -412.8807521296814  -398.2942837663706  1280.5278061804222
2.8802523612976074  -412.8807521296814  -398.2942837663706  1280.5278061804222
2.9367308616638184  -412.8807521296814  -398.2942837663706  1280.5278061804222
2.986989974975586  -412.8807521296814  -398.2942837663706  1280.5278061804222
3.0371341705322266  -412.8807521296814  -398.2942837663706  1280.5278061804222
3.1051511764526367  -412.8807521296814  -398.2942837663706  1280.5278061804222
3.183220863342285  -412.8807521296814  -398.2942837663706  1280.5278061804222
3.2371535301208496  -412.8807521296814  -398.2942837663706  1280.5278061804222
3.289783477783203  -412.8807521296814  -398.2942837663706  1280.5278061804222
3.3415651321411133  -412.8807521296814  -398.2942837663706  1280.5278061804222
3.393796443939209  -412.8807521296814  -398.2942837663706  1280.5278061804222
3.4656386375427246  -412.8807521296814  -398.2942837663706  1280.5278061804222
3.539902687072754  -412.8807521296814  -398.2942837663706  1280.5278061804222
3.6067399978637695  -412.8807521296814  -398.2942837663706  1280.5278061804222
3.676971673965454  -412.8807521296814  -398.2942837663706  1280.5278061804222
3.753586769104004  -412.8807521296814  -398.2942837663706  1280.5278061804222
3.805692672729492  -412.8807521296814  -398.2942837663706  1280.5278061804222
3.8735086917877197  -412.8807521296814  -398.2942837663706  1280.5278061804222
3.940016269683838  -412.8807521296814  -398.2942837663706  1280.5278061804222
4.0042078495025635  -412.8807521296814  -398.2942837663706  1280.5278061804222
4.069823503494263  -412.8807521296814  -398.2942837663706  1280.5278061804222
4.134778022766113  -412.8807521296814  -398.2942837663706  1280.5278061804222
4.198020696640015  -412.8807521296814  -398.2942837663706  1280.5278061804222
4.267043113708496  -412.8807521296814  -398.2942837663706  1280.5278061804222
4.319755554199219  -412.8807521296814  -398.2942837663706  1280.5278061804222
4.382133483886719  -412.8807521296814  -398.2942837663706  1280.5278061804222
4.441478252410889  -412.8807521296814  -398.2942837663706  1280.5278061804222
4.498541593551636  -412.8807521296814  -398.2942837663706  1280.5278061804222
4.564264297485352  -412.8807521296814  -398.2942837663706  1280.5278061804222
4.6667351722717285  -412.8807521296814  -398.2942837663706  1280.5278061804222
4.73561954498291  -412.8807521296814  -398.2942837663706  1280.5278061804222
4.792052745819092  -412.8807521296814  -398.2942837663706  1280.5278061804222
4.846420764923096  -412.8807521296814  -398.2942837663706  1280.5278061804222
4.908320426940918  -412.8807521296814  -398.2942837663706  1280.5278061804222
5.03012752532959  -412.8807521296814  -398.2942837663706  1280.5278061804222
