0.0  -495.1808814136682  -135.23123842561537  1389.4362282496465
0.07339715957641602  -495.1808814136682  -135.23123842561537  1389.4362282496465
0.19549226760864258  -495.1808814136682  -135.23123842561537  1389.4362282496465
0.3099045753479004  -495.1808814136682  -135.23123842561537  1389.4362282496465
0.3879380226135254  -495.1808814136682  -135.23123842561537  1389.4362282496465
0.5819768905639648  -495.1808814136682  -135.23123842561537  1389.4362282496465
0.6484720706939697  -495.1808814136682  -135.23123842561537  1389.4362282496465
0.9654598236083984  -495.1808814136682  -135.23123842561537  1389.4362282496465
1.0196890830993652  -495.1808814136682  -135.23123842561537  1389.4362282496465
1.127568244934082  -495.1808814136682  -135.23123842561537  1389.4362282496465
1.3580505847930908  -495.1808814136682  -135.23123842561537  1389.4362282496465
1.6356136798858643  -495.1808814136682  -135.23123842561537  1389.4362282496465
1.723473072052002  -495.1808814136682  -135.23123842561537  1389.4362282496465
1.893009901046753  -495.1808814136682  -135.23123842561537  1389.4362282496465
1.9825339317321777  -495.1808814136682  -135.23123842561537  1389.4362282496465
2.2414815425872803  -495.1808814136682  -135.23123842561537  1389.4362282496465
2.3055248260498047  -495.1808814136682  -135.23123842561537  1389.4362282496465
2.587282419204712  -495.1808814136682  -135.23123842561537  1389.4362282496465
2.6889758110046387  -495.1808814136682  -135.23123842561537  1389.4362282496465
2.7414474487304688  -495.1808814136682  -135.23123842561537  1389.4362282496465
2.9758877754211426  -495.1808814136682  -135.23123842561537  1389.4362282496465
3.190300703048706  -495.1808814136682  -135.23123842561537  1389.4362282496465
3.5662519931793213  -495.1808814136682  -135.23123842561537  1389.4362282496465
3.6566522121429443  -495.1808814136682  -135.23123842561537  1389.4362282496465
3.89701509475708  -495.1808814136682  -135.23123842561537  1389.4362282496465
4.231409549713135  -495.1808814136682  -135.23123842561537  1389.4362282496465
4.31494140625  -495.1808814136682  -135.23123842561537  1389.4362282496465
