0.0  -120.55561940973986  18.252031089047286  520.7154188167474
0.9424209594726562  -113.00136130708958  17.488184413362497  526.9667464679038
1.0172052383422852  -105.46620821820427  18.36918406963789  538.6640948273384
1.120469570159912  -95.96589896744902  18.638534781881145  540.9269579131416
1.192695140838623  -89.27304728317279  17.905682937192857  531.0022970562334
1.2670142650604248  -82.31647544602285  15.539850578131832  537.8656675376806
1.3209524154663086  -80.11709510065462  12.559401482117226  533.9260975405026
1.4432337284088135  -80.18052668394945  5.260642320388868  540.8780690720215
1.5176780223846436  -79.32721789031133  1.053795583959761  545.3515028038221
1.567739486694336  -79.53974122315255  -1.5126918129197846  552.6663821256283
1.6730918884277344  -80.48597956918582  -7.180170772626931  558.9588098263955
1.7425498962402344  -80.18458707034308  -12.109927864298902  570.4844287760681
1.8679289817810059  -80.4186363365499  -18.335803176825696  577.1679648578605
1.9184045791625977  -81.97080228234839  -21.041637875660452  570.1929252075881
1.992701768875122  -86.91412530680073  -26.747089398710454  592.6926380907786
2.0603137016296387  -91.7392445789635  -27.47677125139881  588.536791936758
2.1184823513031006  -97.86124491185384  -26.94873343423105  571.5701882993588
2.1715874671936035  -102.30929739253185  -27.55407408704921  576.5345433940279
2.221625328063965  -107.88866593695093  -27.704561162597052  577.9767302284814
2.293445110321045  -115.64832859227387  -26.940805044286396  589.6710961486879
2.350919008255005  -119.83718319811936  -27.226800466266862  593.0021119318226
2.4190125465393066  -125.17718549260351  -26.92645118035138  575.0081111243616
2.4946656227111816  -134.46825965039383  -27.2626262287743  592.332742147177
2.5711543560028076  -139.59971159535914  -25.755749620692068  568.88157011841
2.624049663543701  -143.77287970335124  -25.587392588065665  571.8120931660274
2.6933345794677734  -152.88154428559875  -23.151799651876992  593.238736568226
2.8181042671203613  -155.29000689677892  -17.765712738747183  579.0703153935166
2.9433062076568604  -155.55184432049333  -7.753686688627267  569.9484967338857
2.99884033203125  -154.87289903585233  -6.025452046929657  563.5655366874598
3.0718436241149902  -154.41842365399143  -1.3865189672806062  557.1359736197411
3.143375873565674  -153.1771303790955  3.6685021985414257  548.5942725839342
3.202057361602783  -152.6134060961725  6.590760352569567  543.4267300892211
3.3187270164489746  -150.24350192312235  15.304017228567378  541.6378765424331
3.3924405574798584  -144.00246258349233  18.228174746701143  527.218497485532
3.5203423500061035  -134.0510130709998  20.195015929332804  549.4029195348348
3.59773588180542  -124.4379339067209  18.962374408615457  530.6801744028913
3.6721696853637695  -118.3194095635085  20.018451712863822  543.8627851201094
3.7422547340393066  -109.33619746090206  18.164835995295498  524.9410937827405
3.7935099601745605  -105.92814498654066  17.932778880848836  520.5357694330266
3.8447299003601074  -101.17901044323135  18.01742561215888  529.2245348034896
3.918246030807495  -95.25118658071396  19.408722630556365  541.649001071131
4.024862289428711  -86.01388648295365  17.754492613740535  540.5542388575975
4.094374179840088  -80.86864473141055  13.637235115672258  529.4456963314699
4.167784214019775  -78.98527763477621  9.250669221090615  531.7917344846462
4.220069408416748  -79.57194810228708  6.388570555413719  536.0144328762307
4.293190956115723  -79.61319785865895  1.6444055349469686  548.6145097576311
4.344279527664185  -79.51763122267369  -0.8548070180249813  553.2168146325054
4.4014973640441895  -79.38713424652961  -3.4883472986459085  558.3058316294637
4.466912746429443  -80.02064573748811  -8.033332295599351  562.2840461923104
4.51885461807251  -80.66532537741472  -11.55318122473484  566.7780348747764
4.569408655166626  -80.13592518297538  -13.966125755086955  575.2287072109855
4.672085762023926  -80.40681591590958  -19.11197774117748  577.0086362161888
4.743291139602661  -84.12950693788456  -24.878217326853495  586.1618741143415
4.817760944366455  -90.46255402374054  -26.495015719137882  574.4722145923283
4.868885517120361  -95.11111601099566  -26.875220291495676  570.8675245274648
4.973110675811768  -105.11168874149257  -26.85386998180574  577.4044204526865
5.04427433013916  -111.75353885434725  -26.650229791377892  593.315942267298
5.0991082191467285  -116.72464784587277  -27.269143011481574  595.6813154240721
5.167996644973755  -121.83301148441895  -26.42047072748461  572.0314052452995
5.22216272354126  -127.82009713127452  -27.114960432182777  578.9688759426496
5.2744293212890625  -131.5547733928002  -26.180918715004008  575.4485133159809
5.343157768249512  -140.37713424789672  -27.296539779614086  590.4032315876747
5.399250030517578  -146.15419871618525  -25.85440587346465  595.0847057834325
5.4691033363342285  -150.74430678170222  -24.124554627302096  585.106283115403
5.544082164764404  -154.41617835275727  -20.56302447341269  588.3970478376584
5.618148326873779  -155.32295666849174  -16.49101203445387  575.7741206768173
5.725947856903076  -156.90939550999516  -9.770192176083265  574.9695276982646
5.799987316131592  -155.6145608312345  -4.52188537546114  563.2344196217844
5.870248556137085  -154.45520973810898  -0.25317090339206233  554.0892134888284
5.92132568359375  -153.25753326051966  4.15664268181509  550.1561462320908
5.974008083343506  -152.67144394869553  5.951614113535463  541.6505300478357
6.043481111526489  -151.45042260072682  11.322162165336103  535.7437202510375
6.1697797775268555  -146.99056416185226  18.360985966478456  541.7439675868492
6.220563650131226  -142.94569084088198  20.139381703063552  545.0307512601167
6.294111013412476  -132.31473821717168  19.554708692097556  529.308240478574
6.348523139953613  -128.15744817413054  19.284140724495618  522.3098310240289
6.421772480010986  -122.53833257224726  19.77804669233286  540.4457586707139
6.493785619735718  -114.21029433980407  19.682265941499136  529.0156732641857
6.54594612121582  -108.19856706894828  18.74669860317322  523.8631952394317
6.596693992614746  -104.02289704731048  18.97284672873329  527.076457844561
6.718369007110596  -93.43446707715253  19.222647887494773  545.8066047769825
6.794646263122559  -85.63022273073888  16.764293882537114  528.8010784795406
6.9014105796813965  -80.13942253424656  12.63440969227858  529.5944669193443
6.971453666687012  -79.30474316117402  8.585571794120773  533.8552132300823
7.027920722961426  -79.14257980118599  5.004157885410369  538.5347265122186
7.094647169113159  -79.59093156233573  0.16530226303639428  548.3110988020329
7.147615432739258  -79.47311515349412  -2.7629337248882266  553.0317674004917
7.224424362182617  -80.47521265565078  -6.849727027175773  559.2400040303323
7.278176546096802  -80.3304631009958  -9.999750989238358  564.58512803339
7.399893045425415  -79.95118972199653  -17.38461348615389  581.3367955316612
7.5283331871032715  -85.02517833615093  -23.933367729871744  573.1090521419095
7.635111331939697  -93.56186610179836  -26.894937231633833  572.1096496742778
7.690022230148315  -101.99779520608318  -27.91737754090656  595.634042858316
7.833221673965454  -112.4852469238174  -26.869285670672856  574.3516442995541
7.94717812538147  -125.44750843209071  -27.0420029326293  597.8158923095591
8.02339243888855  -130.80607237093045  -26.63226569546474  576.2544939621205
8.079694509506226  -135.24164416492715  -25.80642658523042  572.6226170368403
8.156768798828125  -142.7981694529661  -26.25094936440365  581.8724967748386
8.228535652160645  -149.32552497083458  -24.039793347029235  583.0864489746074
8.361975193023682  -155.24850704850067  -18.230439971184193  585.3595758563027
8.423543930053711  -156.10511240810894  -13.733216818784488  575.3904944946565
8.476420164108276  -156.93283377725584  -9.852433886618678  572.2668948622741
8.555951595306396  -154.21551158909816  -4.413016890158975  560.8731957831423
8.699304580688477  -152.54491268147743  4.78114848777724  546.2216560103794
8.771413326263428  -152.04775932890814  8.250353267899158  542.1719383403511
8.82369351387024  -151.53916741870347  11.339365849836797  537.8839346364293
8.8970308303833  -148.39149191688568  17.369055038578043  534.3591086794402
8.97022271156311  -144.3045575645669  19.65465894385475  544.0318698678162
9.044748306274414  -133.76931940147284  19.021493845299357  525.2333253225501
9.172930717468262  -123.5697706111332  19.318407964129804  544.4499668932197
9.307059049606323  -110.48134668128039  18.53916018627454  526.8260069185179
9.375452518463135  -104.05118228541703  18.846469746370587  539.6630955301324
9.50408411026001  -91.74232107635683  17.842534358318588  521.7110506185209
9.571476936340332  -85.27514390115883  17.79218190795361  541.1304670930919
9.622200012207031  -81.23511343076682  15.492610961356746  536.1909853989797
9.699875831604004  -78.962186411106  10.930727192197923  532.71555793919
9.775809288024902  -78.10104720069363  6.11690389612616  536.8845742809333
9.903116226196289  -79.56865356645359  -1.312711156509974  548.0088413809832
9.97949743270874  -79.78535608347447  -6.078085859885013  554.5431326578729
10.032233238220215  -80.81793968298105  -8.706336202502719  561.1034133111807
10.111087322235107  -81.32463710958736  -12.922874513616325  572.2512716924284
10.175678253173828  -80.44228148090961  -16.78253858776989  577.4873244416187
10.246929168701172  -82.985375789997  -22.774173128980795  584.310916524722
10.307108879089355  -85.32869634231348  -24.966885651970998  588.2080152164443
10.377302169799805  -91.59162768202074  -26.8117468826089  570.7882576310791
10.512799739837646  -104.40216663748933  -27.42817802322766  593.4608914771728
10.573337078094482  -110.4662408284924  -26.455111675859023  573.3152733598472
10.651272773742676  -117.41384979153624  -26.91672783658465  585.4818018000491
10.719508171081543  -125.19387646447032  -26.263654100852147  575.6370658303861
10.825634479522705  -132.89803601709863  -26.383036121959464  577.9206425723928
10.905887603759766  -141.2310082174747  -26.831391178574254  586.6969294901571
10.971025466918945  -147.96721838816563  -23.859011077653566  577.7992155245679
11.077843427658081  -154.48812657748437  -20.623556242116408  582.7592837347568
11.130037069320679  -155.2989343711179  -17.704583761326873  575.8101904819267
11.207192659378052  -156.08699686970968  -12.724454290470389  571.2862198827173
11.287091732025146  -156.9800423595446  -7.877962006453942  572.3780379290193
11.350052833557129  -154.29607149961458  -3.0141550611347068  558.5990576004986
11.421361446380615  -153.04744854750308  0.7959228615162388  553.975069133851
11.47824239730835  -153.25889763135862  4.59052841539426  546.5836990945517
11.548444986343384  -151.44400113017488  10.12252939527374  536.2405478050696
11.671950817108154  -148.31052245838728  18.747878533899136  543.7622903284482
11.75006365776062  -140.23026173334324  19.612972223812044  525.3466533110437
11.823444366455078  -133.3067450691545  20.218604944930295  536.7880115315897
11.942498207092285  -120.51381338481208  19.77570834702929  531.3574141124296
12.002787113189697  -114.85550148250123  18.644346914364444  520.4436898827073
12.073183536529541  -109.00630502960865  19.67809924096105  543.8190772870013
12.147092342376709  -101.63077413538741  19.221471980605962  531.4342532399609
12.22116756439209  -95.24604150685916  19.738231789132282  541.9223995691343
12.271926403045654  -89.68879615755695  18.620675463071485  538.1165344892988
12.344986200332642  -83.1386626578665  15.87267927124042  523.2842010059253
12.397632122039795  -80.55650689654203  13.957401103792868  527.165556030092
12.452154159545898  -78.95150317182075  10.211723101020976  532.5671768004397
12.524040222167969  -78.7522035897932  6.528037007869033  541.6835947443234
12.649466514587402  -78.73028930738344  -1.2539205000380012  553.9364213562591
