0.0  -8.134209508862348  -455.2174077599659  1361.1627318238568
0.0564732551574707  -8.134209508862348  -455.2174077599659  1361.1627318238568
0.15940427780151367  -8.134209508862348  -455.2174077599659  1361.1627318238568
0.24903535842895508  -8.134209508862348  -455.2174077599659  1361.1627318238568
0.3012218475341797  -8.134209508862348  -455.2174077599659  1361.1627318238568
0.351470947265625  -8.134209508862348  -455.2174077599659  1361.1627318238568
0.4100461006164551  -8.134209508862348  -455.2174077599659  1361.1627318238568
0.4665560722351074  -8.134209508862348  -455.2174077599659  1361.1627318238568
0.5420205593109131  -8.134209508862348  -455.2174077599659  1361.1627318238568
0.6102128028869629  -8.134209508862348  -455.2174077599659  1361.1627318238568
0.6827235221862793  -8.134209508862348  -455.2174077599659  1361.1627318238568
0.7337141036987305  -8.134209508862348  -455.2174077599659  1361.1627318238568
0.8010406494140625  -8.134209508862348  -455.2174077599659  1361.1627318238568
0.8537735939025879  -8.134209508862348  -455.2174077599659  1361.1627318238568
0.9313321113586426  -8.134209508862348  -455.2174077599659  1361.1627318238568
1.0046701431274414  -8.134209508862348  -455.2174077599659  1361.1627318238568
1.054945468902588  -8.134209508862348  -455.2174077599659  1361.1627318238568
1.1534042358398438  -8.134209508862348  -455.2174077599659  1361.1627318238568
1.2048099040985107  -8.134209508862348  -455.2174077599659  1361.1627318238568
1.257760763168335  -8.134209508862348  -455.2174077599659  1361.1627318238568
1.3275542259216309  -8.134209508862348  -455.2174077599659  1361.1627318238568
1.3799262046813965  -8.134209508862348  -455.2174077599659  1361.1627318238568
1.4302501678466797  -8.134209508862348  -455.2174077599659  1361.1627318238568
1.4820218086242676  -8.134209508862348  -455.2174077599659  1361.1627318238568
1.560255527496338  -8.134209508862348  -455.2174077599659  1361.1627318238568
1.6532564163208008  -8.134209508862348  -455.2174077599659  1361.1627318238568
1.7034616470336914  -8.134209508862348  -455.2174077599659  1361.1627318238568
1.7578024864196777  -8.134209508862348  -455.2174077599659  1361.1627318238568
1.830711841583252  -8.134209508862348  -455.2174077599659  1361.1627318238568
1.902282953262329  -8.134209508862348  -455.2174077599659  1361.1627318238568
1.9601826667785645  -8.134209508862348  -455.2174077599659  1361.1627318238568
2.01231050491333  -8.134209508862348  -455.2174077599659  1361.1627318238568
2.0831243991851807  -8.134209508862348  -455.2174077599659  1361.1627318238568
2.135179042816162  -8.134209508862348  -455.2174077599659  1361.1627318238568
2.18742036819458  -8.134209508862348  -455.2174077599659  1361.1627318238568
2.2406768798828125  -8.134209508862348  -455.2174077599659  1361.1627318238568
2.316091537475586  -8.134209508862348  -455.2174077599659  1361.1627318238568
2.386476516723633  -8.134209508862348  -455.2174077599659  1361.1627318238568
2.456583023071289  -8.134209508862348  -455.2174077599659  1361.1627318238568
2.520078659057617  -8.134209508862348  -455.2174077599659  1361.1627318238568
2.5845935344696045  -8.134209508862348  -455.2174077599659  1361.1627318238568
2.6383056640625  -8.134209508862348  -455.2174077599659  1361.1627318238568
2.7089929580688477  -8.134209508862348  -455.2174077599659  1361.1627318238568
2.802072525024414  -8.134209508862348  -455.2174077599659  1361.1627318238568
2.8628740310668945  -8.134209508862348  -455.2174077599659  1361.1627318238568
2.9560844898223877  -8.134209508862348  -455.2174077599659  1361.1627318238568
3.007260322570801  -8.134209508862348  -455.2174077599659  1361.1627318238568
3.109989643096924  -8.134209508862348  -455.2174077599659  1361.1627318238568
3.1808972358703613  -8.134209508862348  -455.2174077599659  1361.1627318238568
3.254667043685913  -8.134209508862348  -455.2174077599659  1361.1627318238568
3.3080320358276367  -8.134209508862348  -455.2174077599659  1361.1627318238568
3.361814498901367  -8.134209508862348  -455.2174077599659  1361.1627318238568
