0.03993082046508789  -236.7263555306011  148.98630684689417  946.2820084650003
0.12152099609375  -236.7263555306011  148.98630684689417  946.2820084650003
0.2615382671356201  -236.7263555306011  148.98630684689417  946.2820084650003
0.3879380226135254  -236.7263555306011  148.98630684689417  946.2820084650003
0.6484720706939697  -236.7263555306011  148.98630684689417  946.2820084650003
0.9654598236083984  -236.7263555306011  148.98630684689417  946.2820084650003
1.0196890830993652  -236.7263555306011  148.98630684689417  946.2820084650003
1.127568244934082  -236.7263555306011  148.98630684689417  946.2820084650003
1.5749540328979492  -236.7263555306011  148.98630684689417  946.2820084650003
1.6356136798858643  -236.7263555306011  148.98630684689417  946.2820084650003
1.723473072052002  -236.7263555306011  148.98630684689417  946.2820084650003
1.9825339317321777  -236.7263555306011  148.98630684689417  946.2820084650003
2.3055248260498047  -236.7263555306011  148.98630684689417  946.2820084650003
2.4038584232330322  -236.7263555306011  148.98630684689417  946.2820084650003
2.610414505004883  -236.7263555306011  148.98630684689417  946.2820084650003
2.7414474487304688  -236.7263555306011  148.98630684689417  946.2820084650003
2.939039468765259  -236.7263555306011  148.98630684689417  946.2820084650003
3.0656988620758057  -236.7263555306011  148.98630684689417  946.2820084650003
3.4711732864379883  -236.7263555306011  148.98630684689417  946.2820084650003
3.5662519931793213  -236.7263555306011  148.98630684689417  946.2820084650003
3.89701509475708  -236.7263555306011  148.98630684689417  946.2820084650003
4.073207378387451  -236.7263555306011  148.98630684689417  946.2820084650003
4.31494140625  -236.7263555306011  148.98630684689417  946.2820084650003
