0.0  -412.8807521296814  -398.2942837663706  1280.5278061804222
0.05089998245239258  -412.8807521296814  -398.2942837663706  1280.5278061804222
0.16579270362854004  -412.8807521296814  -398.2942837663706  1280.5278061804222
0.27785158157348633  -412.8807521296814  -398.2942837663706  1280.5278061804222
0.34494781494140625  -412.8807521296814  -398.2942837663706  1280.5278061804222
0.45120978355407715  -412.8807521296814  -398.2942837663706  1280.5278061804222
0.5315227508544922  -412.8807521296814  -398.2942837663706  1280.5278061804222
0.5818448066711426  -412.8807521296814  -398.2942837663706  1280.5278061804222
0.6353573799133301  -412.8807521296814  -398.2942837663706  1280.5278061804222
0.7067561149597168  -412.8807521296814  -398.2942837663706  1280.5278061804222
0.7673215866088867  -412.8807521296814  -398.2942837663706  1280.5278061804222
0.8251893520355225  -412.8807521296814  -398.2942837663706  1280.5278061804222
0.8826870918273926  -412.8807521296814  -398.2942837663706  1280.5278061804222
0.938835620880127  -412.8807521296814  -398.2942837663706  1280.5278061804222
1.0004291534423828  -412.8807521296814  -398.2942837663706  1280.5278061804222
1.0604279041290283  -412.8807521296814  -398.2942837663706  1280.5278061804222
1.114971399307251  -412.8807521296814  -398.2942837663706  1280.5278061804222
1.1885735988616943  -412.8807521296814  -398.2942837663706  1280.5278061804222
1.2431094646453857  -412.8807521296814  -398.2942837663706  1280.5278061804222
1.2958788871765137  -412.8807521296814  -398.2942837663706  1280.5278061804222
1.3465855121612549  -412.8807521296814  -398.2942837663706  1280.5278061804222
1.416135311126709  -412.8807521296814  -398.2942837663706  1280.5278061804222
1.482579231262207  -412.8807521296814  -398.2942837663706  1280.5278061804222
1.5473785400390625  -412.8807521296814  -398.2942837663706  1280.5278061804222
1.6085424423217773  -412.8807521296814  -398.2942837663706  1280.5278061804222
1.6931920051574707  -412.8807521296814  -398.2942837663706  1280.5278061804222
1.7518141269683838  -412.8807521296814  -398.2942837663706  1280.5278061804222
1.825089931488037  -412.8807521296814  -398.2942837663706  1280.5278061804222
1.881307601928711  -412.8807521296814  -398.2942837663706  1280.5278061804222
1.976452350616455  -412.8807521296814  -398.2942837663706  1280.5278061804222
2.043307304382324  -412.8807521296814  -398.2942837663706  1280.5278061804222
2.1119842529296875  -412.8807521296814  -398.2942837663706  1280.5278061804222
2.1707167625427246  -412.8807521296814  -398.2942837663706  1280.5278061804222
2.2262165546417236  -412.8807521296814  -398.2942837663706  1280.5278061804222
2.3047313690185547  -412.8807521296814  -398.2942837663706  1280.5278061804222
2.3595311641693115  -412.8807521296814  -398.2942837663706  1280.5278061804222
2.429699420928955  -412.8807521296814  -398.2942837663706  1280.5278061804222
2.5515189170837402  -412.8807521296814  -398.2942837663706  1280.5278061804222
2.6157450675964355  -412.8807521296814  -398.2942837663706  1280.5278061804222
2.6850337982177734  -412.8807521296814  -398.2942837663706  1280.5278061804222
2.769874095916748  -412.8807521296814  -398.2942837663706  1280.5278061804222
2.8224079608917236  -412.8807521296814  -398.2942837663706  1280.5278061804222
2.897355079650879  -412.8807521296814  -398.2942837663706  1280.5278061804222
2.9539566040039062  -412.8807521296814  -398.2942837663706  1280.5278061804222
3.012448787689209  -412.8807521296814  -398.2942837663706  1280.5278061804222
3.075754165649414  -412.8807521296814  -398.2942837663706  1280.5278061804222
3.1438002586364746  -412.8807521296814  -398.2942837663706  1280.5278061804222
3.214661121368408  -412.8807521296814  -398.2942837663706  1280.5278061804222
3.2777953147888184  -412.8807521296814  -398.2942837663706  1280.5278061804222
3.3576502799987793  -412.8807521296814  -398.2942837663706  1280.5278061804222
3.4243712425231934  -412.8807521296814  -398.2942837663706  1280.5278061804222
3.4776511192321777  -412.8807521296814  -398.2942837663706  1280.5278061804222
3.5378856658935547  -412.8807521296814  -398.2942837663706  1280.5278061804222
3.600155830383301  -412.8807521296814  -398.2942837663706  1280.5278061804222
3.657111406326294  -412.8807521296814  -398.2942837663706  1280.5278061804222
3.708219051361084  -412.8807521296814  -398.2942837663706  1280.5278061804222
3.766251564025879  -412.8807521296814  -398.2942837663706  1280.5278061804222
3.838707447052002  -412.8807521296814  -398.2942837663706  1280.5278061804222
3.914513111114502  -412.8807521296814  -398.2942837663706  1280.5278061804222
3.988476276397705  -412.8807521296814  -398.2942837663706  1280.5278061804222
4.05786657333374  -412.8807521296814  -398.2942837663706  1280.5278061804222
4.140564203262329  -412.8807521296814  -398.2942837663706  1280.5278061804222
4.199987411499023  -412.8807521296814  -398.2942837663706  1280.5278061804222
4.25361967086792  -412.8807521296814  -398.2942837663706  1280.5278061804222
4.324377536773682  -412.8807521296814  -398.2942837663706  1280.5278061804222
4.3991312980651855  -412.8807521296814  -398.2942837663706  1280.5278061804222
4.474181175231934  -412.8807521296814  -398.2942837663706  1280.5278061804222
4.542181968688965  -412.8807521296814  -398.2942837663706  1280.5278061804222
4.617506265640259  -412.8807521296814  -398.2942837663706  1280.5278061804222
4.695600986480713  -412.8807521296814  -398.2942837663706  1280.5278061804222
4.760533809661865  -412.8807521296814  -398.2942837663706  1280.5278061804222
4.8110456466674805  -412.8807521296814  -398.2942837663706  1280.5278061804222
4.889419317245483  -412.8807521296814  -398.2942837663706  1280.5278061804222
4.968305587768555  -412.8807521296814  -398.2942837663706  1280.5278061804222
5.01889181137085  -412.8807521296814  -398.2942837663706  1280.5278061804222
5.096869945526123  -412.8807521296814  -398.2942837663706  1280.5278061804222
5.154106140136719  -412.8807521296814  -398.2942837663706  1280.5278061804222
5.231528282165527  -412.8807521296814  -398.2942837663706  1280.5278061804222
5.288592338562012  -412.8807521296814  -398.2942837663706  1280.5278061804222
5.3413403034210205  -412.8807521296814  -398.2942837663706  1280.5278061804222
5.4070563316345215  -412.8807521296814  -398.2942837663706  1280.5278061804222
5.4576263427734375  -412.8807521296814  -398.2942837663706  1280.5278061804222
5.531383037567139  -412.8807521296814  -398.2942837663706  1280.5278061804222
5.620065212249756  -412.8807521296814  -398.2942837663706  1280.5278061804222
5.684940814971924  -412.8807521296814  -398.2942837663706  1280.5278061804222
