0.0  -8.189618671220703  -60.49892236621042  364.58266717680425
0.05260729789733887  -9.970799673325567  -54.083814051490805  411.49439555084973
0.10546517372131348  -11.892612699837185  -38.11294397697486  443.97733628291144
0.17435121536254883  -16.058121482533505  -1.1155240878450776  499.680219725241
0.2992990016937256  -16.464600757945995  4.139711688855376  500.91601977287064
0.5005013942718506  -13.543069704717253  -10.360450005131225  441.2046570320967
0.5537545680999756  -24.879512301259375  47.99876122960742  660.8554159559251
7.000566005706787  -15.170364758985674  -16.185021422027145  503.5905569345748
7.053564786911011  -15.783641725355075  -6.364954641849979  502.3126094169635
7.108734607696533  -16.158940751281  -4.491704582061199  509.9871992102772
7.174776077270508  -16.373030334015628  -5.276053949278417  518.275831231726
7.2494590282440186  -16.071077298992623  -11.141938749740957  521.1809804394994
7.324003458023071  -15.294402801063537  -29.807669076177593  534.538088220116
7.3824169635772705  -19.711548997092486  -37.2184546741928  686.5797381693195
7.452002286911011  -20.26365372891467  -38.144018214815176  705.5818703623868
7.502055406570435  -20.306119132120696  -26.79426059843432  684.4305287362981
7.576411247253418  -18.436039936879958  -24.201964202174235  621.148106236569
7.627626895904541  -17.907635848390807  -23.625400954742833  603.5800484207443
7.699218988418579  -19.066276883314845  -4.579233664225199  600.2183934867545
7.749676465988159  -21.67413672247216  29.467991082702515  605.20561169242
7.802070379257202  -32.613426489646116  -126.02086504477298  1256.776017409295
12.402798891067505  -11.358111010643675  -37.71435246446546  426.4470120136666
12.453242540359497  -11.823196271414606  -31.08999995149468  428.669443789761
12.575547933578491  -13.132583414949877  -50.62062920805522  505.844983539173
12.627247095108032  -13.295120569168962  -53.55875784868776  516.2596260770233
12.751118898391724  -12.792317006990515  -55.882481498935746  504.47767631927996
12.825434923171997  -15.574299949859192  -67.67669465756123  613.5536451410347
13.024627447128296  -14.871573588874915  -67.59674790203348  591.1163275440299
13.08056640625  -15.084232350864493  -68.50071415860288  599.4589969813094
13.202416181564331  -15.27903316402562  -69.9046318302734  608.1131682971511
13.255863904953003  -15.869259454671717  -73.03422894861217  632.3580558260296
13.3066885471344  -14.98893799522756  -66.97089913182852  593.740270413153
13.375161409378052  -14.264624931952133  -52.1266843525535  544.2785859892575
13.42920207977295  -17.510093022644877  -37.298319259238376  478.94653541388953
13.502868890762329  -12.557459741477166  -20.19836460349101  430.4870168563868
13.574826002120972  -49.740021861259876  -402.8517739063736  2270.6432955176306
14.224464893341064  -48.79239881661053  -397.72702009951496  2231.3949860713365
17.42570161819458  -11.391227252451829  -51.9132161212818  453.0174457168274
17.47801661491394  -13.000021217167665  -56.721409774315724  512.547689345272
17.552679300308228  -14.21657926086776  -60.06387429175886  557.0258270344971
17.606175899505615  -14.163203393120622  -64.05157926613818  562.387537285245
17.674423933029175  -21.366030125409786  -92.74531179505068  841.5464906284888
17.73030924797058  -22.603048407392382  -101.22567831058757  895.7650525977276
17.80443787574768  -22.921889712640077  -111.36028337303989  923.6437068477616
17.855612993240356  -23.22988836653922  -113.6977212669384  937.5165599404827
17.93044686317444  -23.727560819387723  -116.95844021530598  959.0337830472799
18.01139998435974  -24.248772908564263  -120.37290673209937  981.5661763670399
18.07488703727722  -24.561399030643887  -123.79886340072275  997.4643189298788
18.13242197036743  -26.00981954311321  -130.81258115285416  1055.7905070254792
18.201719045639038  -26.719788080211348  -139.57548795684414  1093.5578061088825
18.255115747451782  -26.48317633680058  -151.41822266763882  1106.1575143059408
18.306060075759888  -26.17378822794713  -151.90569868464235  1097.0430837944048
18.42654824256897  -20.088128198493592  -116.04138740326819  841.0502041567938
18.48020601272583  -16.179309922107247  -89.68127747702597  670.9937123819557
18.553467273712158  -13.751030052801912  -69.1705804598772  558.2003105571914
18.629231214523315  -14.730877198795657  -73.78784283838075  597.4369692766917
18.702592849731445  -10.691714923304444  -59.855887252956784  444.4142819291078
18.753090143203735  24.215210498779935  199.65661143398987  -1110.9949631486427
22.276676893234253  -13.222624799031534  19.207477617540334  366.3262753341344
22.44986128807068  -13.131020970065391  6.5180005684418285  392.43223720648075
22.50218629837036  -15.049571450337114  -31.604946642843963  530.3982524544161
22.553226709365845  -18.987192287069806  -36.00391306394189  661.6485982752389
22.624990701675415  -28.09951982662618  -76.02849124696921  1022.8359962716532
22.686307191848755  -18.699467586996573  -55.67885478062573  690.2047486384832
22.750532865524292  -18.878391183764656  -56.78655463077495  697.8806574322153
22.803603172302246  -19.440466459425075  -60.26417746837862  721.981803877764
22.874572038650513  -18.97486498805361  -59.55320764078396  706.0485189043006
23.074570655822754  -18.76401687409408  -58.93995804488842  698.2927973084245
23.275196075439453  -18.58607046200496  -57.80734978345346  690.6069247002914
23.4741530418396  -29.35641716318525  -150.5101390290353  1196.5839249814549
23.530282258987427  -20.78618924596989  -112.18217436087602  856.8823779589133
23.598552465438843  -12.776107153515584  -63.57222687151359  517.423170924707
23.649158716201782  -10.708797003842198  -40.91140268844036  411.8231660770372
23.70160984992981  24.386106804152313  96.05481319703814  -943.0206059311299
26.773346424102783  -14.498194040048434  -28.470255389734024  507.1281447739655
26.94847321510315  -44.17126364608812  -78.13917553691705  1528.2338783305854
27.001078605651855  -40.27208791729415  -71.62345468514596  1394.0806226363447
27.05549693107605  -39.401972092672224  -70.16920638156444  1364.143293751113
27.105690956115723  -38.16469260019093  -68.10113659701754  1321.572908124238
27.156115293502808  -37.76925320977715  -67.44012877526143  1307.9671485071551
27.22442626953125  -37.38187477033964  -66.79257360521578  1294.6386919312588
27.27955412864685  -14.44038109312296  -28.373113135967085  505.1378266642904
27.898186445236206  -15.240198126857832  -15.048374927902962  503.44398713462255
27.972814798355103  24.146277579526203  -50.840490262211176  -630.9281114987176
28.373027324676514  23.91475988575338  -50.3907644656953  -624.7853571618688
31.323954582214355  24.146277579526203  -50.840490262211176  -630.9281114987176
31.549511194229126  23.91475988575338  -50.3907644656953  -624.7853571618688
31.623417854309082  46.61643129570009  -55.85789279931004  -703.4035432532262
31.67717480659485  58.97366481562883  -59.06698707527991  -749.3690663735455
31.74996829032898  -187.54484490557087  -226.3184754862255  1719.375307055245
31.809515953063965  -3382.6515074290205  -3103.8400633123406  30764.688959491647
31.867920875549316  18725.632589352736  8309.691082667083  -166887.90107282982
31.926979541778564  -4652.377523872237  -2629.4893157871243  53107.99089278682
32.00191378593445  -53.486419359254974  -42.186130510841394  777.025619784855
32.07731246948242  -19.637654328995982  -33.93064081937024  618.3817396132846
32.161700963974  -15.166239502812752  -29.592439590391162  530.1261092728832
32.31348466873169  -14.855074762609275  -29.06981349825117  519.4141902421696
32.423526763916016  -11.824260563762936  -48.51959818498633  460.7297974509378
32.482871294021606  -26.563263388716685  50.157140760326115  708.2349272073527
