0.0  -493.790981033976  -193.14898685551387  1292.7074587649988
0.05458498001098633  -493.790981033976  -193.14898685551387  1292.7074587649988
0.1056513786315918  -493.790981033976  -193.14898685551387  1292.7074587649988
0.15627527236938477  -493.790981033976  -193.14898685551387  1292.7074587649988
0.2462601661682129  -493.790981033976  -193.14898685551387  1292.7074587649988
0.31444501876831055  -493.790981033976  -193.14898685551387  1292.7074587649988
0.36494994163513184  -493.790981033976  -193.14898685551387  1292.7074587649988
0.43800830841064453  -493.790981033976  -193.14898685551387  1292.7074587649988
0.5117778778076172  -493.790981033976  -193.14898685551387  1292.7074587649988
0.6299121379852295  -493.790981033976  -193.14898685551387  1292.7074587649988
0.6875858306884766  -493.790981033976  -193.14898685551387  1292.7074587649988
0.7473535537719727  -493.790981033976  -193.14898685551387  1292.7074587649988
0.8063077926635742  -493.790981033976  -193.14898685551387  1292.7074587649988
0.8610053062438965  -493.790981033976  -193.14898685551387  1292.7074587649988
0.9669251441955566  -493.790981033976  -193.14898685551387  1292.7074587649988
1.056046962738037  -493.790981033976  -193.14898685551387  1292.7074587649988
1.1098074913024902  -493.790981033976  -193.14898685551387  1292.7074587649988
1.1774134635925293  -493.790981033976  -193.14898685551387  1292.7074587649988
1.2474753856658936  -493.790981033976  -193.14898685551387  1292.7074587649988
1.305311918258667  -493.790981033976  -193.14898685551387  1292.7074587649988
1.3819432258605957  -493.790981033976  -193.14898685551387  1292.7074587649988
1.4334492683410645  -493.790981033976  -193.14898685551387  1292.7074587649988
1.4843649864196777  -493.790981033976  -193.14898685551387  1292.7074587649988
1.5463204383850098  -493.790981033976  -193.14898685551387  1292.7074587649988
1.6120634078979492  -493.790981033976  -193.14898685551387  1292.7074587649988
1.7288718223571777  -493.790981033976  -193.14898685551387  1292.7074587649988
1.799511432647705  -493.790981033976  -193.14898685551387  1292.7074587649988
1.8533306121826172  -493.790981033976  -193.14898685551387  1292.7074587649988
1.9264588356018066  -493.790981033976  -193.14898685551387  1292.7074587649988
1.9881987571716309  -493.790981033976  -193.14898685551387  1292.7074587649988
2.0607798099517822  -493.790981033976  -193.14898685551387  1292.7074587649988
2.1359901428222656  -493.790981033976  -193.14898685551387  1292.7074587649988
2.18673038482666  -493.790981033976  -193.14898685551387  1292.7074587649988
2.253267288208008  -493.790981033976  -193.14898685551387  1292.7074587649988
2.307705879211426  -493.790981033976  -193.14898685551387  1292.7074587649988
2.3683576583862305  -493.790981033976  -193.14898685551387  1292.7074587649988
2.429647445678711  -493.790981033976  -193.14898685551387  1292.7074587649988
2.5033516883850098  -493.790981033976  -193.14898685551387  1292.7074587649988
2.5632033348083496  -493.790981033976  -193.14898685551387  1292.7074587649988
2.6341986656188965  -493.790981033976  -193.14898685551387  1292.7074587649988
2.715596914291382  -493.790981033976  -193.14898685551387  1292.7074587649988
2.7822043895721436  -493.790981033976  -193.14898685551387  1292.7074587649988
2.8386807441711426  -493.790981033976  -193.14898685551387  1292.7074587649988
2.8923568725585938  -493.790981033976  -193.14898685551387  1292.7074587649988
2.9522933959960938  -493.790981033976  -193.14898685551387  1292.7074587649988
3.0588083267211914  -493.790981033976  -193.14898685551387  1292.7074587649988
3.1318938732147217  -493.790981033976  -193.14898685551387  1292.7074587649988
3.185824394226074  -493.790981033976  -193.14898685551387  1292.7074587649988
3.2518885135650635  -493.790981033976  -193.14898685551387  1292.7074587649988
3.3118488788604736  -493.790981033976  -193.14898685551387  1292.7074587649988
3.3827381134033203  -493.790981033976  -193.14898685551387  1292.7074587649988
3.461141586303711  -493.790981033976  -193.14898685551387  1292.7074587649988
3.529745578765869  -493.790981033976  -193.14898685551387  1292.7074587649988
3.5995707511901855  -493.790981033976  -193.14898685551387  1292.7074587649988
3.6704535484313965  -493.790981033976  -193.14898685551387  1292.7074587649988
3.733553409576416  -493.790981033976  -193.14898685551387  1292.7074587649988
3.7843503952026367  -493.790981033976  -193.14898685551387  1292.7074587649988
3.8606386184692383  -493.790981033976  -193.14898685551387  1292.7074587649988
3.9289369583129883  -493.790981033976  -193.14898685551387  1292.7074587649988
3.9899251461029053  -493.790981033976  -193.14898685551387  1292.7074587649988
4.060193061828613  -493.790981033976  -193.14898685551387  1292.7074587649988
4.117354869842529  -493.790981033976  -193.14898685551387  1292.7074587649988
4.203268051147461  -493.790981033976  -193.14898685551387  1292.7074587649988
4.265316963195801  -493.790981033976  -193.14898685551387  1292.7074587649988
4.330866813659668  -493.790981033976  -193.14898685551387  1292.7074587649988
4.423634052276611  -493.790981033976  -193.14898685551387  1292.7074587649988
4.51047420501709  -493.790981033976  -193.14898685551387  1292.7074587649988
4.61751127243042  -493.790981033976  -193.14898685551387  1292.7074587649988
4.684719562530518  -493.790981033976  -193.14898685551387  1292.7074587649988
4.753937244415283  -493.790981033976  -193.14898685551387  1292.7074587649988
4.830354690551758  -493.790981033976  -193.14898685551387  1292.7074587649988
4.911661624908447  -493.790981033976  -193.14898685551387  1292.7074587649988
4.968697786331177  -493.790981033976  -193.14898685551387  1292.7074587649988
5.0383734703063965  -493.790981033976  -193.14898685551387  1292.7074587649988
5.091138124465942  -493.790981033976  -193.14898685551387  1292.7074587649988
5.162395715713501  -493.790981033976  -193.14898685551387  1292.7074587649988
5.260926246643066  -493.790981033976  -193.14898685551387  1292.7074587649988
5.31133508682251  -493.790981033976  -193.14898685551387  1292.7074587649988
5.382410049438477  -493.790981033976  -193.14898685551387  1292.7074587649988
5.459324359893799  -493.790981033976  -193.14898685551387  1292.7074587649988
5.532023191452026  -493.790981033976  -193.14898685551387  1292.7074587649988
5.602038383483887  -493.790981033976  -193.14898685551387  1292.7074587649988
5.658551931381226  -493.790981033976  -193.14898685551387  1292.7074587649988
5.7670111656188965  -493.790981033976  -193.14898685551387  1292.7074587649988
5.837658405303955  -493.790981033976  -193.14898685551387  1292.7074587649988
5.908699035644531  -493.790981033976  -193.14898685551387  1292.7074587649988
5.960919380187988  -493.790981033976  -193.14898685551387  1292.7074587649988
6.037517309188843  -493.790981033976  -193.14898685551387  1292.7074587649988
6.106378555297852  -493.790981033976  -193.14898685551387  1292.7074587649988
6.2084572315216064  -493.790981033976  -193.14898685551387  1292.7074587649988
