0.0  -66.56598933109264  -465.3815490104428  1918.5545349549002
0.05856633186340332  -66.56598933109264  -465.3815490104428  1918.5545349549002
0.17503762245178223  -66.56598933109264  -465.3815490104428  1918.5545349549002
0.26089906692504883  -66.56598933109264  -465.3815490104428  1918.5545349549002
0.40879321098327637  -66.56598933109264  -465.3815490104428  1918.5545349549002
0.4593040943145752  -66.56598933109264  -465.3815490104428  1918.5545349549002
0.5610635280609131  -66.56598933109264  -465.3815490104428  1918.5545349549002
0.6199550628662109  -66.56598933109264  -465.3815490104428  1918.5545349549002
0.8167645931243896  -66.56598933109264  -465.3815490104428  1918.5545349549002
0.8995187282562256  -66.56598933109264  -465.3815490104428  1918.5545349549002
0.9531481266021729  -66.56598933109264  -465.3815490104428  1918.5545349549002
1.014472246170044  -66.56598933109264  -465.3815490104428  1918.5545349549002
1.112731695175171  -66.56598933109264  -465.3815490104428  1918.5545349549002
1.2581160068511963  -66.56598933109264  -465.3815490104428  1918.5545349549002
1.4928219318389893  -66.56598933109264  -465.3815490104428  1918.5545349549002
1.6153442859649658  -66.56598933109264  -465.3815490104428  1918.5545349549002
1.6728675365447998  -66.56598933109264  -465.3815490104428  1918.5545349549002
1.8130943775177002  -66.56598933109264  -465.3815490104428  1918.5545349549002
1.9778249263763428  -66.56598933109264  -465.3815490104428  1918.5545349549002
2.1511828899383545  -66.56598933109264  -465.3815490104428  1918.5545349549002
2.373722791671753  -66.56598933109264  -465.3815490104428  1918.5545349549002
2.436769723892212  -66.56598933109264  -465.3815490104428  1918.5545349549002
2.642713785171509  -66.56598933109264  -465.3815490104428  1918.5545349549002
2.7758991718292236  -66.56598933109264  -465.3815490104428  1918.5545349549002
2.828727960586548  -66.56598933109264  -465.3815490104428  1918.5545349549002
2.9725351333618164  -66.56598933109264  -465.3815490104428  1918.5545349549002
3.100043773651123  -66.56598933109264  -465.3815490104428  1918.5545349549002
3.222217321395874  -66.56598933109264  -465.3815490104428  1918.5545349549002
3.3098671436309814  -66.56598933109264  -465.3815490104428  1918.5545349549002
3.5210187435150146  -66.56598933109264  -465.3815490104428  1918.5545349549002
3.6204135417938232  -66.56598933109264  -465.3815490104428  1918.5545349549002
3.695349931716919  -66.56598933109264  -465.3815490104428  1918.5545349549002
3.756669282913208  -66.56598933109264  -465.3815490104428  1918.5545349549002
3.995831251144409  -66.56598933109264  -465.3815490104428  1918.5545349549002
4.09904146194458  -66.56598933109264  -465.3815490104428  1918.5545349549002
4.403757333755493  -66.56598933109264  -465.3815490104428  1918.5545349549002
4.579505681991577  -66.56598933109264  -465.3815490104428  1918.5545349549002
4.769118070602417  -66.56598933109264  -465.3815490104428  1918.5545349549002
4.958720922470093  -66.56598933109264  -465.3815490104428  1918.5545349549002
5.253778696060181  -66.56598933109264  -465.3815490104428  1918.5545349549002
5.460596323013306  -66.56598933109264  -465.3815490104428  1918.5545349549002
5.789305925369263  -66.56598933109264  -465.3815490104428  1918.5545349549002
5.911296129226685  -66.56598933109264  -465.3815490104428  1918.5545349549002
6.021912574768066  -66.56598933109264  -465.3815490104428  1918.5545349549002
6.078907251358032  -66.56598933109264  -465.3815490104428  1918.5545349549002
6.1473069190979  -66.56598933109264  -465.3815490104428  1918.5545349549002
6.2153565883636475  -66.56598933109264  -465.3815490104428  1918.5545349549002
6.315965414047241  -66.56598933109264  -465.3815490104428  1918.5545349549002
6.397332668304443  -66.56598933109264  -465.3815490104428  1918.5545349549002
6.5544445514678955  -66.56598933109264  -465.3815490104428  1918.5545349549002
6.622239112854004  -66.56598933109264  -465.3815490104428  1918.5545349549002
6.708392858505249  -66.56598933109264  -465.3815490104428  1918.5545349549002
6.7670557498931885  -66.56598933109264  -465.3815490104428  1918.5545349549002
6.9109742641448975  -66.56598933109264  -465.3815490104428  1918.5545349549002
7.020502805709839  -66.56598933109264  -465.3815490104428  1918.5545349549002
7.12345290184021  -66.56598933109264  -465.3815490104428  1918.5545349549002
7.18715500831604  -66.56598933109264  -465.3815490104428  1918.5545349549002
7.244039058685303  -66.56598933109264  -465.3815490104428  1918.5545349549002
7.383105993270874  -66.56598933109264  -465.3815490104428  1918.5545349549002
7.44764256477356  -66.56598933109264  -465.3815490104428  1918.5545349549002
7.5297768115997314  -66.56598933109264  -465.3815490104428  1918.5545349549002
7.614619970321655  -66.56598933109264  -465.3815490104428  1918.5545349549002
7.713923215866089  -66.56598933109264  -465.3815490104428  1918.5545349549002
7.77503514289856  -66.56598933109264  -465.3815490104428  1918.5545349549002
7.907784461975098  -66.56598933109264  -465.3815490104428  1918.5545349549002
8.067057847976685  -66.56598933109264  -465.3815490104428  1918.5545349549002
8.123707056045532  -66.56598933109264  -465.3815490104428  1918.5545349549002
8.218082666397095  -66.56598933109264  -465.3815490104428  1918.5545349549002
8.275676965713501  -66.56598933109264  -465.3815490104428  1918.5545349549002
8.465269327163696  -66.56598933109264  -465.3815490104428  1918.5545349549002
8.614815711975098  -66.56598933109264  -465.3815490104428  1918.5545349549002
8.696975231170654  -66.56598933109264  -465.3815490104428  1918.5545349549002
8.874810934066772  -66.56598933109264  -465.3815490104428  1918.5545349549002
8.956655979156494  -66.56598933109264  -465.3815490104428  1918.5545349549002
9.080799341201782  -66.56598933109264  -465.3815490104428  1918.5545349549002
9.157286405563354  -66.56598933109264  -465.3815490104428  1918.5545349549002
9.253323316574097  -66.56598933109264  -465.3815490104428  1918.5545349549002
9.313161611557007  -66.56598933109264  -465.3815490104428  1918.5545349549002
9.428134679794312  -66.56598933109264  -465.3815490104428  1918.5545349549002
9.48280143737793  -66.56598933109264  -465.3815490104428  1918.5545349549002
9.56027340888977  -66.56598933109264  -465.3815490104428  1918.5545349549002
9.664766073226929  -66.56598933109264  -465.3815490104428  1918.5545349549002
9.73634648323059  -66.56598933109264  -465.3815490104428  1918.5545349549002
9.845619916915894  -66.56598933109264  -465.3815490104428  1918.5545349549002
9.963804960250854  -66.56598933109264  -465.3815490104428  1918.5545349549002
10.115401029586792  -66.56598933109264  -465.3815490104428  1918.5545349549002
10.171108961105347  -66.56598933109264  -465.3815490104428  1918.5545349549002
10.373484373092651  -66.56598933109264  -465.3815490104428  1918.5545349549002
10.442438125610352  -66.56598933109264  -465.3815490104428  1918.5545349549002
10.63808798789978  -66.56598933109264  -465.3815490104428  1918.5545349549002
10.697645902633667  -66.56598933109264  -465.3815490104428  1918.5545349549002
10.838132381439209  -66.56598933109264  -465.3815490104428  1918.5545349549002
10.919793367385864  -66.56598933109264  -465.3815490104428  1918.5545349549002
11.019554376602173  -66.56598933109264  -465.3815490104428  1918.5545349549002
11.102363348007202  -66.56598933109264  -465.3815490104428  1918.5545349549002
11.184288740158081  -66.56598933109264  -465.3815490104428  1918.5545349549002
11.236787796020508  -66.56598933109264  -465.3815490104428  1918.5545349549002
11.316039562225342  -66.56598933109264  -465.3815490104428  1918.5545349549002
11.429420948028564  -66.56598933109264  -465.3815490104428  1918.5545349549002
11.579370260238647  -66.56598933109264  -465.3815490104428  1918.5545349549002
11.680568218231201  -66.56598933109264  -465.3815490104428  1918.5545349549002
11.918880224227905  -66.56598933109264  -465.3815490104428  1918.5545349549002
12.049854040145874  -66.56598933109264  -465.3815490104428  1918.5545349549002
12.124054908752441  -66.56598933109264  -465.3815490104428  1918.5545349549002
12.249654293060303  -66.56598933109264  -465.3815490104428  1918.5545349549002
12.307259321212769  -66.56598933109264  -465.3815490104428  1918.5545349549002
12.374072313308716  -66.56598933109264  -465.3815490104428  1918.5545349549002
12.442927122116089  -66.56598933109264  -465.3815490104428  1918.5545349549002
12.518937349319458  -66.56598933109264  -465.3815490104428  1918.5545349549002
12.673282861709595  -66.56598933109264  -465.3815490104428  1918.5545349549002
12.763548612594604  -66.56598933109264  -465.3815490104428  1918.5545349549002
12.85433030128479  -66.56598933109264  -465.3815490104428  1918.5545349549002
12.976531744003296  -66.56598933109264  -465.3815490104428  1918.5545349549002
13.076316118240356  -66.56598933109264  -465.3815490104428  1918.5545349549002
13.159337759017944  -66.56598933109264  -465.3815490104428  1918.5545349549002
13.245634317398071  -66.56598933109264  -465.3815490104428  1918.5545349549002
13.308704614639282  -66.56598933109264  -465.3815490104428  1918.5545349549002
13.416442155838013  -66.56598933109264  -465.3815490104428  1918.5545349549002
13.478628873825073  -66.56598933109264  -465.3815490104428  1918.5545349549002
