0.0  -76.89085085139256  -21.021376314425524  587.7242898165448
0.20724201202392578  -77.83403497957619  -20.75391513423263  580.6329497506442
0.2616755962371826  -76.9135704648076  -20.573765284524153  587.5914521924951
0.8503873348236084  -84.60422637583177  -21.979246475349367  583.1626467253583
0.9250783920288086  -90.45212890873262  -21.964919146789455  564.1025978783722
0.976609468460083  -95.45405625301649  -22.01802835487623  562.9651470201638
1.0485646724700928  -102.41898115462664  -22.127493183032858  577.5915643405265
1.1011006832122803  -108.73954282953643  -22.073518061645622  587.5283769108222
1.1577394008636475  -112.6471592661224  -20.818622394160016  584.2624525341403
1.2199342250823975  -116.72025428280193  -20.28215226367613  577.6082922644592
1.2801282405853271  -121.33437168726834  -17.807195594040362  562.7562374276378
1.3547313213348389  -127.56106678017785  -14.148213642293893  578.5626924848196
1.424396276473999  -129.33890310170707  -10.244397500522355  560.2047277058962
1.5490849018096924  -132.41021188504  -1.6483438914025594  557.5473132112855
1.6094114780426025  -131.3580271638098  2.0568735027570004  553.4350778326049
1.7242162227630615  -129.9742461579371  8.123867540084053  544.8507169852386
1.7750213146209717  -127.5982946052371  12.612832211482676  541.3515226455007
1.883197546005249  -121.56419973167243  16.800572388160482  544.5903203146042
1.951021432876587  -113.92148480927611  18.600293887656726  524.8125137564338
2.008772850036621  -108.2668884315533  19.40771533340132  516.8871159181816
2.0764124393463135  -101.80876961682121  21.957444731382722  537.1392729727069
2.1509764194488525  -94.6373054723077  21.59369908990365  520.185344087225
2.2146341800689697  -89.29461306269475  21.13888974183668  517.183474401483
2.2758476734161377  -82.08977985826978  22.695927996194136  532.7682130731123
2.400296926498413  -71.21214413204014  21.403309093839994  519.6690372016127
2.4550116062164307  -66.00799447162885  20.95094596642654  516.735190454006
2.526630163192749  -58.36039299783527  22.28897788524058  534.3611636316546
2.5996344089508057  -51.676726485319456  21.542520636459113  525.3894431946289
2.6553499698638916  -47.0818781320824  20.24133293053863  519.6475882599327
2.7071239948272705  -42.54290085933953  19.064839890598417  522.6761212974982
2.7751152515411377  -35.586428311759434  17.759904694490157  538.8836263041053
2.8996450901031494  -29.26612916328286  11.674903091680427  531.2346328152394
2.973676919937134  -26.40877774498472  7.335308306348538  536.453612177939
3.0242249965667725  -24.992725301701867  4.885830542880166  541.7156778838025
3.1250436305999756  -25.238404017759485  -1.4056828962453707  547.6271376809938
3.231844663619995  -27.988631557573928  -7.460048332022379  551.7596260501732
3.301948308944702  -30.13910300842853  -11.192097780988531  562.6415175714601
3.375335931777954  -36.105580759256846  -15.364376654894  559.5453022350437
3.4819297790527344  -43.129553497752966  -18.646635669388875  561.5823788662426
3.54982328414917  -50.203669294349886  -20.091421946404264  583.1514310451153
3.6022441387176514  -55.21582913561876  -20.073749569117034  579.1800161600908
3.725395917892456  -66.08140848312163  -20.5508951665867  564.5889497657062
3.7768537998199463  -70.84036922379374  -20.85846114198599  560.6418068667361
3.828477144241333  -75.52145368285346  -20.837912312339604  557.0299730537204
3.902374505996704  -82.97951671890077  -21.308970885596448  585.0688131487366
3.960048198699951  -87.76020520969581  -21.728484958690192  581.3006961537995
4.02552342414856  -93.94681086346755  -21.596457819890382  564.0367847339501
4.076585054397583  -99.82585009680946  -21.808160821763522  567.9191456713475
4.148504018783569  -107.44645378624878  -22.102741917307675  585.9497686033451
4.20318865776062  -111.09890923301866  -21.030402457923657  576.4925720215415
4.277045965194702  -116.57871868661654  -19.191911200436103  560.5158848632997
4.329054594039917  -121.88542355709313  -17.437602777961466  565.0951369423257
4.400530099868774  -127.0019514893559  -13.428415143673963  576.5784851038013
4.45095157623291  -128.7131195771177  -10.657113054134461  572.3894034367836
4.5016233921051025  -130.57143282665464  -6.6386621176063345  564.6497770656136
4.625300407409668  -132.45518330670762  -0.32271827706851314  558.7541311042927
4.677849769592285  -132.2036407491673  1.8158316788377018  550.7814045245501
4.800264596939087  -127.87741192370079  11.363916796224128  535.2898325605446
4.926971197128296  -120.68987898221468  17.778552920597754  547.7805767633163
5.0022523403167725  -111.42294051843118  19.078976388327945  523.7469748602894
5.12523341178894  -101.09229355564686  21.99930614315968  537.7014680046526
5.2005133628845215  -92.8370055311668  21.184878606569825  519.2539733184818
5.273732423782349  -85.71026903835626  22.7493136306045  534.9485097046186
5.325371980667114  -81.31333743037536  22.678257803322094  538.0955013447378
5.376749038696289  -75.53695102332593  22.41765395691795  532.9655065600879
5.448654651641846  -69.45573582250204  20.995294399142022  518.7470139935293
5.575021982192993  -57.34256886930325  22.997684068450937  539.9125867127366
5.625979900360107  -52.1489625486753  21.824786203373513  529.3726263369084
5.67951226234436  -46.93691086548405  21.432186799846196  535.7928837362152
5.75073504447937  -41.78195191355488  19.103095763335205  523.238694114813
5.875966787338257  -31.20546415567804  14.783957859381383  534.5047083015563
5.949070692062378  -27.687248417593402  11.017950579340779  532.2372639289258
5.999135255813599  -26.296763781503504  7.901582884263567  537.2412899929553
6.053609848022461  -24.878430933430536  5.454842194905296  542.515730886963
6.125621318817139  -24.34072167368536  0.48170992175425587  546.1938733572174
6.249407529830933  -26.487779891767243  -6.476160662862992  558.5663348287898
6.375511884689331  -33.510965707776364  -13.38282838011665  559.2415873990767
6.450346231460571  -38.48417668373197  -17.351757508147664  571.1115383132019
6.574813365936279  -49.62936147618703  -19.70787470463139  556.2245491127129
6.64928412437439  -56.871103015339656  -20.067996414093255  577.8719074098574
6.7232911586761475  -63.93139265454872  -20.738084779396832  560.586583754658
6.773987054824829  -68.63481209183973  -21.141672550900612  557.0688823880648
6.826629877090454  -73.83881160142838  -20.997642371359433  563.7682795374683
6.898576736450195  -80.61943521861552  -21.158598467997436  581.0407598199322
6.953505754470825  -84.61082130877159  -21.139625007115235  577.8207267520087
7.02513861656189  -91.59867719064383  -21.44928455672493  560.2829354939165
7.075709342956543  -97.4224078384996  -21.658510295997583  564.1101344292352
7.132816553115845  -102.1066543256888  -21.466832713609758  566.3765533682775
7.1982457637786865  -108.80636381473279  -20.704668760324775  578.6963757312317
7.2560436725616455  -114.96520768902604  -20.364341305013546  582.1627445298119
7.37379264831543  -124.1283129002296  -15.595372793168107  563.8655948033352
7.426548957824707  -126.76542072651282  -13.412452396122516  568.1013955694846
7.549418687820435  -130.745723983957  -5.5517164305205755  562.0091885271297
7.673389196395874  -132.20654008918407  1.729829394714387  551.2231791373969
7.80232572555542  -128.92123016940462  10.03872953180929  539.5212505252945
7.87419867515564  -125.91117905761625  14.289576448957792  548.9953454739631
7.998478651046753  -113.72601011223783  19.193539426830366  526.9761825823579
8.12461519241333  -102.09569889020328  21.80720850797175  534.3474886434431
8.198116302490234  -94.95156055997445  21.44998642902511  517.565618478068
8.255390882492065  -90.02695455130373  22.36664145258986  521.7727088323135
8.32335877418518  -83.14819553379549  23.43400587567695  539.3567102529928
8.435894012451172  -73.01056689468781  22.43404737543549  532.4576342766777
8.500287294387817  -67.29771554824724  21.500727202827193  520.2758365214685
8.553333520889282  -61.84393072660914  21.92897414704476  522.564884994054
8.611716985702515  -57.46732591425188  21.46608337772918  512.2837028120658
8.67969298362732  -49.05215606006671  21.921281969586133  531.9998924580522
8.756214380264282  -43.48254877524668  19.82986411619422  524.3925021182796
8.807669878005981  -39.01501120579255  19.05583215695719  529.8856017797596
8.874352216720581  -32.130731225578906  16.277822375877577  536.4650891850254
8.975623846054077  -27.319522796025066  10.991953247211402  538.9418536018381
9.077672004699707  -25.01947866014609  6.02272600742027  541.8160960836809
9.14893126487732  -24.330897695612265  0.33227848989103964  549.1609798982035
9.273420095443726  -27.895526844774125  -6.292030131714745  549.4963992321377
9.324285745620728  -29.828063813940553  -9.842070952890392  555.0975756638592
9.426530599594116  -35.79040599101561  -15.266172331528338  554.703727375166
9.50045657157898  -40.35983915235209  -17.7464538364058  572.0968102877922
9.553165674209595  -45.51613238115281  -19.005046528914406  570.7021631299112
9.60456109046936  -49.72523358824034  -19.60801143144579  578.1550211710721
9.676021814346313  -58.6018205001276  -20.285742238645554  559.6054505439005
9.753739595413208  -64.59796842870168  -20.67997627389109  582.8975568335113
9.827103853225708  -72.40762566038278  -20.851531453472603  559.4310459375833
9.900044202804565  -78.99950996654364  -20.827363687536128  582.6356011504975
9.950647354125977  -83.05906069486073  -20.988622679317675  573.2588227193677
10.007930517196655  -87.77155302722923  -21.12479627290622  575.2767230386207
10.075628757476807  -95.46832875942452  -21.26139221676213  563.1118088544634
10.156785488128662  -102.43597433791243  -21.686459319292712  577.44185303368
10.227067947387695  -110.3588892839621  -20.799065352441612  568.1619614252966
10.300081491470337  -118.0362710826889  -19.237119370362198  580.0613157701873
10.356412172317505  -121.2897428066983  -17.95153833149671  574.2738486438972
10.407130479812622  -125.06457989078272  -15.646749702131183  571.5963753198027
10.475223302841187  -127.70750184073046  -11.531267512632974  564.9557210962574
10.549006223678589  -130.5820050971503  -6.305449723614059  564.956566073698
10.65996527671814  -132.42135549969677  -1.3173747596947982  557.8505087881583
10.723729610443115  -131.69043582150385  4.0920965930554605  548.3971011765017
10.799725770950317  -129.44958419652414  9.368015536745425  541.6632228457968
10.854531049728394  -126.1620893159945  12.45468061457952  530.9714666350171
10.97537612915039  -117.7535803927158  17.905166791751245  542.268279525942
11.04855465888977  -110.955078637641  19.668695385670382  529.4064580503438
11.11068320274353  -104.86917044917782  20.683442780182894  519.5071302839
11.17532467842102  -98.84044583165866  22.260933448066194  534.2284196501905
11.225454568862915  -93.73617748546941  22.29281878013559  533.1389696253572
11.30046010017395  -87.18663369913025  22.531800852776264  523.9202894463511
11.351536273956299  -80.8633338662047  21.753466705859054  514.6464807300773
11.47854495048523  -73.104452610432  21.563980132979193  515.890514236332
