0.02311420440673828  -50.782184859340724  -361.40234500352136  1775.3255953322757
0.26173877716064453  -50.782184859340724  -361.40234500352136  1775.3255953322757
0.6260876655578613  -50.782184859340724  -361.40234500352136  1775.3255953322757
0.6825292110443115  -50.782184859340724  -361.40234500352136  1775.3255953322757
0.743659496307373  -50.782184859340724  -361.40234500352136  1775.3255953322757
0.9518780708312988  -50.782184859340724  -361.40234500352136  1775.3255953322757
1.0045475959777832  -50.782184859340724  -361.40234500352136  1775.3255953322757
1.1114542484283447  -50.782184859340724  -361.40234500352136  1775.3255953322757
1.2556557655334473  -50.782184859340724  -361.40234500352136  1775.3255953322757
1.3075385093688965  -50.782184859340724  -361.40234500352136  1775.3255953322757
1.5000131130218506  -50.782184859340724  -361.40234500352136  1775.3255953322757
1.7891521453857422  -50.782184859340724  -361.40234500352136  1775.3255953322757
2.152981996536255  -50.782184859340724  -361.40234500352136  1775.3255953322757
2.2547354698181152  -50.782184859340724  -361.40234500352136  1775.3255953322757
2.568636894226074  -50.782184859340724  -361.40234500352136  1775.3255953322757
2.8756589889526367  -50.782184859340724  -361.40234500352136  1775.3255953322757
3.0989174842834473  -50.782184859340724  -361.40234500352136  1775.3255953322757
3.3012571334838867  -50.782184859340724  -361.40234500352136  1775.3255953322757
3.6714773178100586  -50.782184859340724  -361.40234500352136  1775.3255953322757
3.945966958999634  -50.782184859340724  -361.40234500352136  1775.3255953322757
4.140936613082886  -50.782184859340724  -361.40234500352136  1775.3255953322757
4.253819465637207  -50.782184859340724  -361.40234500352136  1775.3255953322757
4.417569637298584  -50.782184859340724  -361.40234500352136  1775.3255953322757
4.568838596343994  -50.782184859340724  -361.40234500352136  1775.3255953322757
4.940999507904053  -50.782184859340724  -361.40234500352136  1775.3255953322757
5.333956718444824  -50.782184859340724  -361.40234500352136  1775.3255953322757
5.716035842895508  -50.782184859340724  -361.40234500352136  1775.3255953322757
5.916256666183472  -50.782184859340724  -361.40234500352136  1775.3255953322757
6.2483625411987305  -50.782184859340724  -361.40234500352136  1775.3255953322757
6.360246658325195  -50.782184859340724  -361.40234500352136  1775.3255953322757
6.470868110656738  -50.782184859340724  -361.40234500352136  1775.3255953322757
6.657305479049683  -50.782184859340724  -361.40234500352136  1775.3255953322757
6.716921329498291  -50.782184859340724  -361.40234500352136  1775.3255953322757
6.804521322250366  -50.782184859340724  -361.40234500352136  1775.3255953322757
6.947116374969482  -50.782184859340724  -361.40234500352136  1775.3255953322757
7.034700632095337  -50.782184859340724  -361.40234500352136  1775.3255953322757
7.09111213684082  -50.782184859340724  -361.40234500352136  1775.3255953322757
7.157995223999023  -50.782184859340724  -361.40234500352136  1775.3255953322757
7.410187005996704  -50.782184859340724  -361.40234500352136  1775.3255953322757
7.482011795043945  -50.782184859340724  -361.40234500352136  1775.3255953322757
7.60368275642395  -50.782184859340724  -361.40234500352136  1775.3255953322757
8.060750484466553  -50.782184859340724  -361.40234500352136  1775.3255953322757
8.298935413360596  -50.782184859340724  -361.40234500352136  1775.3255953322757
8.363443851470947  -50.782184859340724  -361.40234500352136  1775.3255953322757
8.531962633132935  -50.782184859340724  -361.40234500352136  1775.3255953322757
8.7715163230896  -50.782184859340724  -361.40234500352136  1775.3255953322757
8.951091766357422  -50.782184859340724  -361.40234500352136  1775.3255953322757
9.14223051071167  -50.782184859340724  -361.40234500352136  1775.3255953322757
9.511489868164062  -50.782184859340724  -361.40234500352136  1775.3255953322757
9.957944869995117  -50.782184859340724  -361.40234500352136  1775.3255953322757
10.304011583328247  -50.782184859340724  -361.40234500352136  1775.3255953322757
10.611143827438354  -50.782184859340724  -361.40234500352136  1775.3255953322757
11.000901699066162  -50.782184859340724  -361.40234500352136  1775.3255953322757
11.082494974136353  -50.782184859340724  -361.40234500352136  1775.3255953322757
11.264248132705688  -50.782184859340724  -361.40234500352136  1775.3255953322757
11.351563453674316  -50.782184859340724  -361.40234500352136  1775.3255953322757
11.569186210632324  -50.782184859340724  -361.40234500352136  1775.3255953322757
11.710554838180542  -50.782184859340724  -361.40234500352136  1775.3255953322757
11.985864400863647  -50.782184859340724  -361.40234500352136  1775.3255953322757
12.253288984298706  -50.782184859340724  -361.40234500352136  1775.3255953322757
12.619278907775879  -50.782184859340724  -361.40234500352136  1775.3255953322757
12.803178310394287  -50.782184859340724  -361.40234500352136  1775.3255953322757
12.896229267120361  -50.782184859340724  -361.40234500352136  1775.3255953322757
13.130983352661133  -50.782184859340724  -361.40234500352136  1775.3255953322757
13.595027923583984  -50.782184859340724  -361.40234500352136  1775.3255953322757
14.006624937057495  -50.782184859340724  -361.40234500352136  1775.3255953322757
14.412661075592041  -50.782184859340724  -361.40234500352136  1775.3255953322757
14.479597568511963  -50.782184859340724  -361.40234500352136  1775.3255953322757
14.688978672027588  -50.782184859340724  -361.40234500352136  1775.3255953322757
14.748100757598877  -50.782184859340724  -361.40234500352136  1775.3255953322757
14.961534976959229  -50.782184859340724  -361.40234500352136  1775.3255953322757
15.107508420944214  -50.782184859340724  -361.40234500352136  1775.3255953322757
15.301493644714355  -50.782184859340724  -361.40234500352136  1775.3255953322757
15.477608680725098  -50.782184859340724  -361.40234500352136  1775.3255953322757
15.603163957595825  -50.782184859340724  -361.40234500352136  1775.3255953322757
15.675934314727783  -50.782184859340724  -361.40234500352136  1775.3255953322757
15.779438972473145  -50.782184859340724  -361.40234500352136  1775.3255953322757
16.146535396575928  -50.782184859340724  -361.40234500352136  1775.3255953322757
16.616563081741333  -50.782184859340724  -361.40234500352136  1775.3255953322757
