0.0  -120.63987425772484  9.717954841827277  510.55855041180797
0.17250394821166992  -113.72672078406157  15.09555596151462  610.0419047958607
0.24613142013549805  -116.61454723358428  13.282555631875239  568.9425332957906
0.3484642505645752  -119.50676738425511  8.6471420810746  524.8025146566965
0.398606538772583  -116.37057313497112  7.891845920259771  566.5593258677845
0.46898674964904785  -110.40082595213947  10.842066900141472  650.6779821696296
0.5445036888122559  -109.7893605827463  26.529286389263135  675.5435123625787
0.6690208911895752  -113.08350433055257  -7.855492751274031  594.528571611943
0.7442257404327393  -115.54531575307665  -7.799752572069226  561.1834496895212
0.8717858791351318  -111.57477613478619  9.260179068308243  585.078113136334
0.9494359493255615  -98.25740810770358  8.329715351817601  603.0263428288828
1.0023601055145264  -100.98513297453107  8.920876964320572  536.2854626774296
1.0706350803375244  -98.1153790324734  3.7877492582156957  512.0644906061124
1.1449439525604248  -91.70766329590651  -16.115614355180192  490.847422763864
1.2699871063232422  -73.02386096456245  5.6767715006356925  578.1176793052856
1.349266767501831  -69.70756327072422  16.97121118743728  608.9543183866659
1.4699275493621826  -58.25243550618573  15.2384243273047  700.2857847626219
1.5457909107208252  -69.86420720685051  -3.090983254388636  626.7435669566206
1.6961443424224854  -56.63839922108608  7.0053293797913785  756.3048945560734
1.747168779373169  -69.38503713711053  3.4508149976399394  660.7987148707304
1.8198726177215576  -72.70160000317411  -0.19417805079180495  647.5385161715661
1.9194252490997314  -72.76551576074762  -18.048920703255735  683.7151069736274
2.0010759830474854  -80.58362569993601  -23.79240260211624  694.4950099040263
2.069369077682495  -80.5627292127889  -21.64503927645073  747.61341211807
2.218946695327759  -96.00654443348142  -7.282128852060362  815.0204087255225
2.296764850616455  -102.9651813365357  -24.071337697174236  878.2415831246399
2.3467981815338135  -100.0678391835011  -13.581417145463552  939.8050580902727
2.4698266983032227  -121.23069787304543  -11.94530887323839  1034.3068094312873
2.549532175064087  -125.39881302463034  -31.519813900794443  1060.696880626379
2.6511478424072266  -149.14745775897057  -26.77148181123396  1315.8847495094417
2.7775251865386963  -154.68899830730143  -9.36427160768628  1413.0901145932544
2.920088291168213  -155.0841097679141  41.971568788691954  2352.1478902752947
3.06984543800354  -149.4193346015098  -0.85110006451756  1004.450808101787
3.2188124656677246  -141.4249909348451  54.49681976961393  1781.7288906095714
3.3699042797088623  -136.4240727284776  14.587804637972795  788.5823029892604
3.5196800231933594  -113.17685232185326  17.002604602448905  789.9282651680934
3.600114583969116  -101.67271025329066  18.887159950495377  764.8333915083349
3.7700695991516113  -91.65759607186097  -13.626166691853383  635.4905244575438
3.919482469558716  -68.60837911474911  30.210064798136976  729.6613136017797
4.070765733718872  -70.07280919444864  5.757582382600248  598.2077184637504
4.220897436141968  -70.3229028338433  10.995371562127248  613.1435766483494
4.29378867149353  -46.3385796361957  17.496554230397763  791.5457981104975
4.344312429428101  -69.67223545120873  11.106275312010235  630.1551355017814
4.469541549682617  -69.99191300980674  4.369090680194365  656.3060183077854
4.573013067245483  -72.60076137863607  -10.56695878934811  640.9163565265602
4.671764850616455  -60.32519009640423  -3.0714782794828936  771.3968626839558
4.821487188339233  -84.67075575243985  -32.60604075457426  665.348820531384
4.969245672225952  -91.05046954933833  -21.052762404435818  788.2729050050523
5.0196850299835205  -99.4200388878321  -6.099893855655474  782.3625098063042
5.127851963043213  -98.70566146453028  -6.1826013318696145  991.3703199966876
5.296717166900635  -102.95892048711562  -19.66975499143321  1611.1172319880131
5.347346305847168  -113.29535547526604  -5.441820982344759  1801.7215018855993
5.422070503234863  -146.53470382482038  4.649783619819369  2317.2384171542144
5.572707891464233  -155.90367045806985  7.175561142081393  1278.733619788055
5.723397731781006  -155.86222804193693  21.927731548782326  1336.5582586512448
5.8703882694244385  -148.02647478357807  10.987633920032064  1262.7516923902906
6.0203680992126465  -146.41450885194973  43.62221451139143  1119.2020145621238
6.07073974609375  -135.35843167592844  37.193384404693234  1936.087365184755
6.220193386077881  -122.65355627868678  21.2146703900523  958.6294563478714
6.324272394180298  -110.68801713199235  17.82695823561593  816.7107453860121
6.470266819000244  -72.65458762906486  29.720306745451413  1028.2207371966545
6.574609994888306  -67.05963690712817  36.02316103844558  835.4775268335784
6.645553350448608  -83.55271903265057  12.715457448161606  623.3670026315807
6.695833444595337  -76.12730898069076  28.42927201713692  695.7704092742251
6.770341634750366  -73.14324770647954  7.587859351736839  613.1486566958714
6.919889211654663  -71.63082858469227  12.562394943575098  587.945121724024
7.011395692825317  -83.18547348400715  -5.895285184410039  514.0323915624215
7.170828580856323  -50.54038059631046  10.806818139574084  788.6547097761904
7.3222575187683105  -81.10810627010005  -1.9291049562134475  570.6423168464596
7.442268133163452  -71.45099951379332  -4.50871898536564  696.2682242532962
7.619642019271851  -93.80453968665003  -14.589861575605088  614.1515993767774
7.770428419113159  -91.95942791318859  -23.97741168520106  851.874503653222
7.820794343948364  -98.90356449712553  -10.189103503082944  856.9208995717356
7.950456857681274  -119.95721249773476  -24.151735964930793  711.592259450004
8.074764966964722  -137.9920532463569  -26.029543263726886  802.6031605046629
8.269630670547485  -154.30995019745254  -8.993306609626986  967.312952774302
8.421804189682007  -157.80161591736888  0.2609172676776606  921.6780918709975
8.597501754760742  -150.82588818649327  45.01632560546337  1878.9287490928139
8.649832487106323  -144.54281383710892  4.253404951409654  1659.6290372952758
8.724912881851196  -139.29138847609775  20.693971133867947  1581.5934087952446
8.920087575912476  -117.57433303007228  84.12661094038573  1719.844666852483
9.120579957962036  -107.9625899489185  32.573214365504185  800.1030753842014
9.319966077804565  -80.65938971025882  33.05779761704339  780.2738280440875
9.497000932693481  -75.47210568032258  26.3666103419827  653.2174034419671
9.549274206161499  -57.0592451278602  31.124187571703697  756.0757497914901
9.624529600143433  -53.2293641410552  23.167120884373873  711.8491745477004
9.695647716522217  -47.065299150425545  18.815635916063425  752.2191203406051
9.868978261947632  -65.37841441374154  11.34122649987162  655.2683872085767
10.020131826400757  -68.86302045767624  4.513686982183647  664.8152785681074
10.171424150466919  -77.33197471194786  -17.678853728775557  613.7298508637025
10.263436317443848  -89.87823264014344  -19.61573748879173  553.7723494808712
10.316251516342163  -54.26341525687485  -8.903422319607241  859.4454256078797
10.369556427001953  -78.31174826261005  -7.411459938890493  753.566948342977
10.569942474365234  -62.092125990329286  -6.682990578856441  1311.6108773538606
10.77034068107605  -119.40575073236239  -5.806006041149799  961.9039274859714
10.948876142501831  -131.89929763650085  -42.636006294244424  1680.7037096717163
11.099800109863281  -154.87122503294486  -18.6079574730318  831.4390317180572
11.320231199264526  -152.1331908261776  32.72496472617263  1473.6224537211071
11.523447275161743  -144.38361612010834  19.69333859864308  1159.330443466769
11.719292640686035  -122.03477542318144  53.62569773230508  1108.6314433019961
11.769335746765137  -95.6962964077301  68.73351395609718  1399.4876026927172
11.919008493423462  -100.84362538045328  16.39526590079426  798.9889720027284
12.121915102005005  -81.64822062392109  30.84298029499475  724.8123895508546
12.251296997070312  -57.97959717934226  27.75764474601562  789.5788336439886
12.31908631324768  -71.29157310066644  19.880741354887704  607.3507994679354
12.522366762161255  -56.26274713269994  0.4282917587563577  698.3544765381561
12.69736933708191  -67.93429267376347  9.523549262192281  642.515404191067
12.8159019947052  -89.05937383038113  -6.1980344411242045  483.139219667885
12.896160364151001  -68.67359128701708  4.453907956386771  634.2306620992639
12.950300693511963  -71.74683372406005  -6.422785525118551  605.8996380459489
13.099020719528198  -67.93429267376347  9.523549262192281  642.515404191067
