0.02311420440673828  -66.56598933109264  -465.3815490104428  1918.5545349549002
0.26173877716064453  -66.56598933109264  -465.3815490104428  1918.5545349549002
0.6260876655578613  -66.56598933109264  -465.3815490104428  1918.5545349549002
0.6825292110443115  -66.56598933109264  -465.3815490104428  1918.5545349549002
0.743659496307373  -66.56598933109264  -465.3815490104428  1918.5545349549002
0.8979039192199707  -66.56598933109264  -465.3815490104428  1918.5545349549002
1.0045475959777832  -66.56598933109264  -465.3815490104428  1918.5545349549002
1.1114542484283447  -66.56598933109264  -465.3815490104428  1918.5545349549002
1.2556557655334473  -66.56598933109264  -465.3815490104428  1918.5545349549002
1.3075385093688965  -66.56598933109264  -465.3815490104428  1918.5545349549002
1.5000131130218506  -66.56598933109264  -465.3815490104428  1918.5545349549002
1.7562570571899414  -66.56598933109264  -465.3815490104428  1918.5545349549002
2.152981996536255  -66.56598933109264  -465.3815490104428  1918.5545349549002
2.2547354698181152  -66.56598933109264  -465.3815490104428  1918.5545349549002
2.5203018188476562  -66.56598933109264  -465.3815490104428  1918.5545349549002
2.8756589889526367  -66.56598933109264  -465.3815490104428  1918.5545349549002
3.0128955841064453  -66.56598933109264  -465.3815490104428  1918.5545349549002
3.295126438140869  -66.56598933109264  -465.3815490104428  1918.5545349549002
3.5949831008911133  -66.56598933109264  -465.3815490104428  1918.5545349549002
3.7125449180603027  -66.56598933109264  -465.3815490104428  1918.5545349549002
3.945966958999634  -66.56598933109264  -465.3815490104428  1918.5545349549002
4.140936613082886  -66.56598933109264  -465.3815490104428  1918.5545349549002
4.237849712371826  -66.56598933109264  -465.3815490104428  1918.5545349549002
4.350680351257324  -66.56598933109264  -465.3815490104428  1918.5545349549002
4.568838596343994  -66.56598933109264  -465.3815490104428  1918.5545349549002
4.882677316665649  -66.56598933109264  -465.3815490104428  1918.5545349549002
5.333956718444824  -66.56598933109264  -465.3815490104428  1918.5545349549002
5.697880268096924  -66.56598933109264  -465.3815490104428  1918.5545349549002
5.916256666183472  -66.56598933109264  -465.3815490104428  1918.5545349549002
6.2436816692352295  -66.56598933109264  -465.3815490104428  1918.5545349549002
6.360246658325195  -66.56598933109264  -465.3815490104428  1918.5545349549002
6.470868110656738  -66.56598933109264  -465.3815490104428  1918.5545349549002
6.657305479049683  -66.56598933109264  -465.3815490104428  1918.5545349549002
6.716921329498291  -66.56598933109264  -465.3815490104428  1918.5545349549002
6.804521322250366  -66.56598933109264  -465.3815490104428  1918.5545349549002
6.947116374969482  -66.56598933109264  -465.3815490104428  1918.5545349549002
7.034700632095337  -66.56598933109264  -465.3815490104428  1918.5545349549002
7.09111213684082  -66.56598933109264  -465.3815490104428  1918.5545349549002
7.157995223999023  -66.56598933109264  -465.3815490104428  1918.5545349549002
7.410187005996704  -66.56598933109264  -465.3815490104428  1918.5545349549002
7.482011795043945  -66.56598933109264  -465.3815490104428  1918.5545349549002
7.5691611766815186  -66.56598933109264  -465.3815490104428  1918.5545349549002
7.96347713470459  -66.56598933109264  -465.3815490104428  1918.5545349549002
8.274883031845093  -66.56598933109264  -465.3815490104428  1918.5545349549002
8.363443851470947  -66.56598933109264  -465.3815490104428  1918.5545349549002
8.531962633132935  -66.56598933109264  -465.3815490104428  1918.5545349549002
8.7715163230896  -66.56598933109264  -465.3815490104428  1918.5545349549002
8.951091766357422  -66.56598933109264  -465.3815490104428  1918.5545349549002
9.14223051071167  -66.56598933109264  -465.3815490104428  1918.5545349549002
9.478898048400879  -66.56598933109264  -465.3815490104428  1918.5545349549002
9.957944869995117  -66.56598933109264  -465.3815490104428  1918.5545349549002
10.304011583328247  -66.56598933109264  -465.3815490104428  1918.5545349549002
10.611143827438354  -66.56598933109264  -465.3815490104428  1918.5545349549002
10.94438099861145  -66.56598933109264  -465.3815490104428  1918.5545349549002
11.070915222167969  -66.56598933109264  -465.3815490104428  1918.5545349549002
11.130354881286621  -66.56598933109264  -465.3815490104428  1918.5545349549002
11.227395057678223  -66.56598933109264  -465.3815490104428  1918.5545349549002
11.351563453674316  -66.56598933109264  -465.3815490104428  1918.5545349549002
11.569186210632324  -66.56598933109264  -465.3815490104428  1918.5545349549002
11.710554838180542  -66.56598933109264  -465.3815490104428  1918.5545349549002
11.981919765472412  -66.56598933109264  -465.3815490104428  1918.5545349549002
12.253288984298706  -66.56598933109264  -465.3815490104428  1918.5545349549002
12.558486461639404  -66.56598933109264  -465.3815490104428  1918.5545349549002
12.770364761352539  -66.56598933109264  -465.3815490104428  1918.5545349549002
12.896229267120361  -66.56598933109264  -465.3815490104428  1918.5545349549002
13.130983352661133  -66.56598933109264  -465.3815490104428  1918.5545349549002
13.556244611740112  -66.56598933109264  -465.3815490104428  1918.5545349549002
13.938750267028809  -66.56598933109264  -465.3815490104428  1918.5545349549002
14.412661075592041  -66.56598933109264  -465.3815490104428  1918.5545349549002
14.479597568511963  -66.56598933109264  -465.3815490104428  1918.5545349549002
14.683810234069824  -66.56598933109264  -465.3815490104428  1918.5545349549002
14.748100757598877  -66.56598933109264  -465.3815490104428  1918.5545349549002
14.961534976959229  -66.56598933109264  -465.3815490104428  1918.5545349549002
15.107508420944214  -66.56598933109264  -465.3815490104428  1918.5545349549002
15.301493644714355  -66.56598933109264  -465.3815490104428  1918.5545349549002
15.477608680725098  -66.56598933109264  -465.3815490104428  1918.5545349549002
15.603163957595825  -66.56598933109264  -465.3815490104428  1918.5545349549002
15.675934314727783  -66.56598933109264  -465.3815490104428  1918.5545349549002
15.742037057876587  -66.56598933109264  -465.3815490104428  1918.5545349549002
16.120954513549805  -66.56598933109264  -465.3815490104428  1918.5545349549002
16.17668628692627  -66.56598933109264  -465.3815490104428  1918.5545349549002
16.616563081741333  -66.56598933109264  -465.3815490104428  1918.5545349549002
