0.0  -66.81975979932314  33.09227598187164  1997.1368676632126
0.05272054672241211  -68.1426017503981  39.68886106410355  2023.4967034646122
0.10770988464355469  -69.63068611362304  49.48508379516032  2047.7482734118464
0.17739152908325195  -67.97057046249428  59.469349580229604  1973.769853631626
0.25153303146362305  -65.26458950922297  63.56524994087029  1880.50410583251
0.30309557914733887  -62.120163910717736  70.18738233561204  1767.7092520461822
0.35906267166137695  -58.26926773454959  69.01322982226144  1650.7959214213554
0.429628849029541  -50.76136954105451  65.49614067042258  1425.6217313993943
0.5009410381317139  -47.619979277592506  62.11774633697228  1335.8241044082397
0.5743465423583984  -40.556089283507085  54.6503824427187  1133.5908787118763
0.6346321105957031  -38.175376554718476  51.2233312208822  1067.558917146512
0.7059335708618164  -36.103645720494576  48.91923647020392  1008.5114389738104
0.757533073425293  -33.65535575782418  44.71550488376962  942.1928392305024
0.8509666919708252  -28.53451579125524  36.80035551623342  801.4246656271325
0.9285845756530762  -27.795149610488497  35.222519991100654  782.1112966130514
0.9998109340667725  -26.30132917714249  32.625628956062194  741.7125789330329
1.0507309436798096  -25.27011440644631  31.196722057554616  712.9791102378116
1.103344440460205  -24.316437440467087  29.87480827017493  686.4070354424044
1.1536240577697754  -23.554308512682155  28.818080020726352  665.1726640643927
1.2062382698059082  -22.40027922641257  25.93236700424419  635.9916313367702
1.2821385860443115  -21.11139344506703  22.58399445319058  603.6685929688398
1.353318214416504  -20.598884657280706  20.32655059318135  592.9242302031665
