0.03993082046508789  -188.59872282212194  54.230386833543115  1126.5123692852171
0.12152099609375  -188.59872282212194  54.230386833543115  1126.5123692852171
0.2615382671356201  -188.59872282212194  54.230386833543115  1126.5123692852171
0.3879380226135254  -188.59872282212194  54.230386833543115  1126.5123692852171
0.6484720706939697  -188.59872282212194  54.230386833543115  1126.5123692852171
0.8108701705932617  -188.59872282212194  54.230386833543115  1126.5123692852171
0.9654598236083984  -188.59872282212194  54.230386833543115  1126.5123692852171
1.0196890830993652  -188.59872282212194  54.230386833543115  1126.5123692852171
1.127568244934082  -188.59872282212194  54.230386833543115  1126.5123692852171
1.5350995063781738  -188.59872282212194  54.230386833543115  1126.5123692852171
1.6356136798858643  -188.59872282212194  54.230386833543115  1126.5123692852171
1.723473072052002  -188.59872282212194  54.230386833543115  1126.5123692852171
1.9825339317321777  -188.59872282212194  54.230386833543115  1126.5123692852171
2.3055248260498047  -188.59872282212194  54.230386833543115  1126.5123692852171
2.3681395053863525  -188.59872282212194  54.230386833543115  1126.5123692852171
2.587282419204712  -188.59872282212194  54.230386833543115  1126.5123692852171
2.7414474487304688  -188.59872282212194  54.230386833543115  1126.5123692852171
2.939039468765259  -188.59872282212194  54.230386833543115  1126.5123692852171
3.0656988620758057  -188.59872282212194  54.230386833543115  1126.5123692852171
3.4593372344970703  -188.59872282212194  54.230386833543115  1126.5123692852171
3.5662519931793213  -188.59872282212194  54.230386833543115  1126.5123692852171
3.89701509475708  -188.59872282212194  54.230386833543115  1126.5123692852171
4.043230295181274  -188.59872282212194  54.230386833543115  1126.5123692852171
4.31494140625  -188.59872282212194  54.230386833543115  1126.5123692852171
