0.0  -440.10742048652577  -227.3178955295916  1567.510165226757
0.07339715957641602  -440.10742048652577  -227.3178955295916  1567.510165226757
0.1722888946533203  -440.10742048652577  -227.3178955295916  1567.510165226757
0.3099045753479004  -440.10742048652577  -227.3178955295916  1567.510165226757
0.3879380226135254  -440.10742048652577  -227.3178955295916  1567.510165226757
0.5660266876220703  -440.10742048652577  -227.3178955295916  1567.510165226757
0.6484720706939697  -440.10742048652577  -227.3178955295916  1567.510165226757
0.9654598236083984  -440.10742048652577  -227.3178955295916  1567.510165226757
1.0196890830993652  -440.10742048652577  -227.3178955295916  1567.510165226757
1.127568244934082  -440.10742048652577  -227.3178955295916  1567.510165226757
1.3316693305969238  -440.10742048652577  -227.3178955295916  1567.510165226757
1.6356136798858643  -440.10742048652577  -227.3178955295916  1567.510165226757
1.723473072052002  -440.10742048652577  -227.3178955295916  1567.510165226757
1.868112564086914  -440.10742048652577  -227.3178955295916  1567.510165226757
1.9825339317321777  -440.10742048652577  -227.3178955295916  1567.510165226757
2.1782870292663574  -440.10742048652577  -227.3178955295916  1567.510165226757
2.3055248260498047  -440.10742048652577  -227.3178955295916  1567.510165226757
2.5385100841522217  -440.10742048652577  -227.3178955295916  1567.510165226757
2.610414505004883  -440.10742048652577  -227.3178955295916  1567.510165226757
2.6889758110046387  -440.10742048652577  -227.3178955295916  1567.510165226757
2.7414474487304688  -440.10742048652577  -227.3178955295916  1567.510165226757
2.952702045440674  -440.10742048652577  -227.3178955295916  1567.510165226757
3.1746444702148438  -440.10742048652577  -227.3178955295916  1567.510165226757
3.5662519931793213  -440.10742048652577  -227.3178955295916  1567.510165226757
3.6415138244628906  -440.10742048652577  -227.3178955295916  1567.510165226757
3.89701509475708  -440.10742048652577  -227.3178955295916  1567.510165226757
4.220824718475342  -440.10742048652577  -227.3178955295916  1567.510165226757
4.31494140625  -440.10742048652577  -227.3178955295916  1567.510165226757
