0.0  -76.89085085139256  -21.021376314425524  587.7242898165448
0.19193816184997559  -77.83403497957619  -20.75391513423263  580.6329497506442
0.2583882808685303  -76.9135704648076  -20.573765284524153  587.5914521924951
0.8451411724090576  -84.60422637583177  -21.979246475349367  583.1626467253583
0.916607141494751  -90.45212890873262  -21.964919146789455  564.1025978783722
0.9682724475860596  -95.45405625301649  -22.01802835487623  562.9651470201638
1.092808723449707  -108.73954282953643  -22.073518061645622  587.5283769108222
1.1442742347717285  -112.6471592661224  -20.818622394160016  584.2624525341403
1.2161903381347656  -117.61650339002688  -19.326687809187778  565.4878107589774
1.3321785926818848  -125.24956526977681  -15.265648731442484  568.7361325010436
1.3946173191070557  -128.69318413659184  -11.328563878343596  571.76752267378
1.4665720462799072  -130.883728353513  -6.167046149728809  560.0152071122237
1.5402040481567383  -132.41021188504  -1.6483438914025594  557.5473132112855
1.6016910076141357  -131.3580271638098  2.0568735027570004  553.4350778326049
1.7414937019348145  -127.87057602643421  11.118627591000696  534.5770032260883
1.806316614151001  -124.9825881265216  13.451661373223235  529.7367997271408
1.8691296577453613  -121.56419973167243  16.800572388160482  544.5903203146042
1.942032814025879  -113.92148480927611  18.600293887656726  524.8125137564338
1.993135929107666  -108.2668884315533  19.40771533340132  516.8871159181816
2.1168015003204346  -97.38944789702751  21.94819176244572  535.4663777593844
2.226001024246216  -87.16676573856464  22.66431167846358  533.8245812562333
2.2916743755340576  -79.74650150019731  21.554388261589924  517.869785921011
2.345872163772583  -74.53508061958767  21.48423375874952  514.832888178944
2.4166457653045654  -68.51639829612382  22.29157922558163  535.9795730571772
2.4697489738464355  -63.13033995834071  22.47030229291555  533.3700042137668
2.5919015407562256  -51.676726485319456  21.542520636459113  525.3894431946289
2.64410662651062  -47.0818781320824  20.24133293053863  519.6475882599327
2.7055037021636963  -42.54290085933953  19.064839890598417  522.6761212974982
2.768660306930542  -35.586428311759434  17.759904694490157  538.8836263041053
2.891634702682495  -29.26612916328286  11.674903091680427  531.2346328152394
2.941755533218384  -26.296049022049928  8.62670327642068  537.4105957236299
3.0164198875427246  -24.992725301701867  4.885830542880166  541.7156778838025
3.0920510292053223  -25.12256796595434  -0.09871172765275546  548.6175539371935
3.1500818729400635  -25.316726872186155  -3.459475579350656  552.7023781030631
3.2922070026397705  -30.13910300842853  -11.192097780988531  562.6415175714601
3.342449426651001  -33.308386293279824  -14.550343719576013  572.9058561293355
3.4684154987335205  -43.129553497752966  -18.646635669388875  561.5823788662426
3.541707754135132  -50.203669294349886  -20.091421946404264  583.1514310451153
3.5929012298583984  -55.21582913561876  -20.073749569117034  579.1800161600908
3.717360019683838  -66.08140848312163  -20.5508951665867  564.5889497657062
3.7675821781158447  -70.84036922379374  -20.85846114198599  560.6418068667361
3.8198556900024414  -75.52145368285346  -20.837912312339604  557.0299730537204
3.892338275909424  -82.97951671890077  -21.308970885596448  585.0688131487366
3.94293475151062  -87.76020520969581  -21.728484958690192  581.3006961537995
4.017072439193726  -93.94681086346755  -21.596457819890382  564.0367847339501
4.072920083999634  -99.82585009680946  -21.808160821763522  567.9191456713475
4.140511751174927  -107.44645378624878  -22.102741917307675  585.9497686033451
4.198314428329468  -111.09890923301866  -21.030402457923657  576.4925720215415
4.27118182182312  -116.57871868661654  -19.191911200436103  560.5158848632997
4.321282386779785  -121.88542355709313  -17.437602777961466  565.0951369423257
4.371874094009399  -125.25632644338296  -15.033797874708037  569.498313571061
4.44157862663269  -128.7131195771177  -10.657113054134461  572.3894034367836
4.493086338043213  -130.57143282665464  -6.6386621176063345  564.6497770656136
4.570185422897339  -132.37660873799953  -3.3315961699105108  558.1838946276434
4.6790313720703125  -132.2036407491673  1.8158316788377018  550.7814045245501
4.740891933441162  -129.55656281094298  7.829679729588508  538.5465825200348
4.793431520462036  -127.87741192370079  11.363916796224128  535.2898325605446
4.917324542999268  -120.68987898221468  17.778552920597754  547.7805767633163
4.967950105667114  -114.68298459269144  18.961507711932782  539.4116743504866
5.041931390762329  -107.80278440326424  20.449595979210873  521.8877363435245
5.095211505889893  -102.51961028533077  20.942599974068017  523.73913776535
5.217608690261841  -90.81518405299434  22.717893526217367  536.02653298323
5.268984794616699  -85.71026903835626  22.7493136306045  534.9485097046186
5.341777563095093  -78.01380408762584  21.21610431232885  516.6073260813844
5.452014207839966  -69.45573582250204  20.995294399142022  518.7470139935293
5.516852140426636  -61.9047284470738  23.065080855407867  536.6502795569654
5.569886684417725  -57.34256886930325  22.997684068450937  539.9125867127366
5.621854066848755  -52.1489625486753  21.824786203373513  529.3726263369084
5.693050146102905  -45.7633850931824  20.419434539572837  522.8633253307975
5.81780743598938  -34.819338691269174  17.470592393258553  539.2395480052948
5.892206430435181  -30.839237796074993  13.045398760295821  530.4014833386211
5.967048645019531  -26.434159329637733  9.910148735934653  536.8915566616287
6.021745920181274  -24.9894061093964  7.079575329906041  542.2317440827566
6.141514301300049  -24.438749147136182  -1.1343659498467138  551.1595227105556
6.267590761184692  -28.016968583712984  -7.78653583394841  551.5076945828654
6.318796396255493  -31.225860333832983  -10.870748518096628  548.7013896500988
6.370929479598999  -33.510965707776364  -13.38282838011665  559.2415873990767
6.442025899887085  -38.48417668373197  -17.351757508147664  571.1115383132019
6.566956996917725  -49.62936147618703  -19.70787470463139  556.2245491127129
6.641126871109009  -56.871103015339656  -20.067996414093255  577.8719074098574
6.766850233078003  -68.63481209183973  -21.141672550900612  557.0688823880648
6.817209005355835  -73.83881160142838  -20.997642371359433  563.7682795374683
6.941271066665649  -84.61082130877159  -21.139625007115235  577.8207267520087
7.002119541168213  -89.3729523265444  -21.614395908854497  579.5772995241517
7.067765712738037  -97.4224078384996  -21.658510295997583  564.1101344292352
7.118346452713013  -102.1066543256888  -21.466832713609758  566.3765533682775
7.221379995346069  -110.38110765375656  -20.571573588683822  559.474772959702
7.292668104171753  -119.3510589551933  -18.861199206235586  581.9049900637785
7.352737188339233  -123.17853226574982  -16.858368430868357  578.8407454773605
7.417991876602173  -126.76542072651282  -13.412452396122516  568.1013955694846
7.491389989852905  -130.24018286395378  -8.26998400479531  571.1108373918476
7.5439674854278564  -130.745723983957  -5.5517164305205755  562.0091885271297
7.619782209396362  -132.44203062566757  -1.2539632780378756  559.5179505489067
7.675271272659302  -132.20654008918407  1.729829394714387  551.2231791373969
7.741236209869385  -130.6312136737841  6.792067401491945  543.1261695244792
7.805864095687866  -128.92123016940462  10.03872953180929  539.5212505252945
7.871487855911255  -125.91117905761625  14.289576448957792  548.9953454739631
7.940594673156738  -117.60831794712884  17.677826824740855  526.1769787891835
8.067343711853027  -108.83026108233359  21.222280469924584  539.2560950760075
8.14231538772583  -100.41876862698443  21.382240805366653  525.6068766070215
8.216287851333618  -92.66975954981793  23.142799055766186  537.0204530350377
8.32489824295044  -83.14819553379549  23.43400587567695  539.3567102529928
8.390700340270996  -75.13871789476626  21.691397897332664  518.9806013196863
8.475897550582886  -69.52117161517582  20.797669794709893  507.39565072638436
8.542269468307495  -61.84393072660914  21.92897414704476  522.564884994054
8.616315364837646  -53.8661773510327  22.17209345357786  530.6475378528888
8.66975450515747  -49.05215606006671  21.921281969586133  531.9998924580522
8.722861528396606  -44.62898804444481  21.23042677118178  537.3176757704556
8.778621435165405  -39.89217836454951  20.348741571682407  540.8171623872651
8.841915845870972  -35.28518050704507  16.319833336066647  523.1828884170977
8.901268243789673  -31.493896380153306  14.36841916328607  527.9862560600108
8.969095468521118  -27.319522796025066  10.991953247211402  538.9418536018381
9.09381651878357  -24.93143621836403  3.209974590481935  544.6032804148898
9.145638465881348  -24.330897695612265  0.33227848989103964  549.1609798982035
9.269272804260254  -27.895526844774125  -6.292030131714745  549.4963992321377
9.34142518043518  -30.273120080648447  -11.2235359342317  565.117643223458
9.400548934936523  -33.01061161659695  -14.457030352609692  567.8317862053301
9.4680016040802  -39.35226968479093  -16.542912924829704  556.9785194979199
9.541304349899292  -45.51613238115281  -19.005046528914406  570.7021631299112
9.615798234939575  -53.27157163921  -19.509347636962772  558.9083266412409
9.668491840362549  -58.6018205001276  -20.285742238645554  559.6054505439005
9.792044401168823  -69.53577301034694  -21.33338833118168  578.4024321937592
9.857501745223999  -75.07703931207296  -21.02520437432871  579.6472869889454
9.92176342010498  -81.58514992681071  -20.68732561694044  563.1310884101232
9.991621255874634  -87.77155302722923  -21.12479627290622  575.2767230386207
10.06613802909851  -95.46832875942452  -21.26139221676213  563.1118088544634
10.174561262130737  -103.92906883244456  -20.949400496893873  561.9244926284778
10.240490436553955  -113.41697530294798  -20.81538660114049  583.6148154271608
10.295274496078491  -118.0362710826889  -19.237119370362198  580.0613157701873
10.351335287094116  -121.2897428066983  -17.95153833149671  574.2738486438972
10.417348623275757  -125.44130549150557  -14.557663755573959  566.2036990902941
10.523841857910156  -130.5464754874475  -8.01655611842823  565.5958634377795
10.573886632919312  -130.91181288443317  -4.990041176161251  560.0027421233624
10.691764831542969  -131.5125937673521  2.8361152993563965  550.1576285382938
10.760226488113403  -131.17052045522482  6.103222120545199  545.2996636942293
10.892194509506226  -124.15394885356655  14.631888894806778  533.4473379393262
10.954524278640747  -118.94707923629495  16.50605535938516  525.1054087611438
11.021952390670776  -113.75223994483987  19.46735890820564  543.1062039698573
11.091357946395874  -104.86917044917782  20.683442780182894  519.5071302839
11.197759866714478  -95.6472940973858  21.410220003509544  517.0426677493323
11.266838788986206  -89.38028655937178  23.201257488829917  537.0412990175876
11.316999673843384  -84.97952419025579  23.462449786960264  540.4703741054526
11.372954368591309  -78.90293893181561  22.491007340467974  527.8844635174675
11.44316053390503  -73.104452610432  21.563980132979193  515.890514236332
