0.0  -146.36501591504603  -97.1273042646364  1225.3182826605864
0.05458498001098633  -146.36501591504603  -97.1273042646364  1225.3182826605864
0.1056513786315918  -146.36501591504603  -97.1273042646364  1225.3182826605864
0.15627527236938477  -146.36501591504603  -97.1273042646364  1225.3182826605864
0.2462601661682129  -146.36501591504603  -97.1273042646364  1225.3182826605864
0.31444501876831055  -146.36501591504603  -97.1273042646364  1225.3182826605864
0.36494994163513184  -146.36501591504603  -97.1273042646364  1225.3182826605864
0.47159767150878906  -146.36501591504603  -97.1273042646364  1225.3182826605864
0.5340485572814941  -146.36501591504603  -97.1273042646364  1225.3182826605864
0.6299121379852295  -146.36501591504603  -97.1273042646364  1225.3182826605864
0.6875858306884766  -146.36501591504603  -97.1273042646364  1225.3182826605864
0.7543659210205078  -146.36501591504603  -97.1273042646364  1225.3182826605864
0.8063077926635742  -146.36501591504603  -97.1273042646364  1225.3182826605864
0.8610053062438965  -146.36501591504603  -97.1273042646364  1225.3182826605864
0.9669251441955566  -146.36501591504603  -97.1273042646364  1225.3182826605864
1.056046962738037  -146.36501591504603  -97.1273042646364  1225.3182826605864
1.1370904445648193  -146.36501591504603  -97.1273042646364  1225.3182826605864
1.200699806213379  -146.36501591504603  -97.1273042646364  1225.3182826605864
1.270951271057129  -146.36501591504603  -97.1273042646364  1225.3182826605864
1.3303003311157227  -146.36501591504603  -97.1273042646364  1225.3182826605864
1.4135985374450684  -146.36501591504603  -97.1273042646364  1225.3182826605864
1.518542766571045  -146.36501591504603  -97.1273042646364  1225.3182826605864
1.5733261108398438  -146.36501591504603  -97.1273042646364  1225.3182826605864
1.6396455764770508  -146.36501591504603  -97.1273042646364  1225.3182826605864
1.7288718223571777  -146.36501591504603  -97.1273042646364  1225.3182826605864
1.799511432647705  -146.36501591504603  -97.1273042646364  1225.3182826605864
1.8533306121826172  -146.36501591504603  -97.1273042646364  1225.3182826605864
1.9451043605804443  -146.36501591504603  -97.1273042646364  1225.3182826605864
2.0123231410980225  -146.36501591504603  -97.1273042646364  1225.3182826605864
2.1029391288757324  -146.36501591504603  -97.1273042646364  1225.3182826605864
2.1690688133239746  -146.36501591504603  -97.1273042646364  1225.3182826605864
2.228372097015381  -146.36501591504603  -97.1273042646364  1225.3182826605864
2.307705879211426  -146.36501591504603  -97.1273042646364  1225.3182826605864
2.3683576583862305  -146.36501591504603  -97.1273042646364  1225.3182826605864
2.429647445678711  -146.36501591504603  -97.1273042646364  1225.3182826605864
2.5033516883850098  -146.36501591504603  -97.1273042646364  1225.3182826605864
2.5632033348083496  -146.36501591504603  -97.1273042646364  1225.3182826605864
2.6521124839782715  -146.36501591504603  -97.1273042646364  1225.3182826605864
2.734354019165039  -146.36501591504603  -97.1273042646364  1225.3182826605864
2.805596113204956  -146.36501591504603  -97.1273042646364  1225.3182826605864
2.8705196380615234  -146.36501591504603  -97.1273042646364  1225.3182826605864
2.9340133666992188  -146.36501591504603  -97.1273042646364  1225.3182826605864
3.0000057220458984  -146.36501591504603  -97.1273042646364  1225.3182826605864
3.0588083267211914  -146.36501591504603  -97.1273042646364  1225.3182826605864
3.1318938732147217  -146.36501591504603  -97.1273042646364  1225.3182826605864
3.185824394226074  -146.36501591504603  -97.1273042646364  1225.3182826605864
3.2518885135650635  -146.36501591504603  -97.1273042646364  1225.3182826605864
3.3118488788604736  -146.36501591504603  -97.1273042646364  1225.3182826605864
3.3827381134033203  -146.36501591504603  -97.1273042646364  1225.3182826605864
3.461141586303711  -146.36501591504603  -97.1273042646364  1225.3182826605864
3.5623936653137207  -146.36501591504603  -97.1273042646364  1225.3182826605864
3.6704535484313965  -146.36501591504603  -97.1273042646364  1225.3182826605864
3.75521183013916  -146.36501591504603  -97.1273042646364  1225.3182826605864
3.8455746173858643  -146.36501591504603  -97.1273042646364  1225.3182826605864
3.9048876762390137  -146.36501591504603  -97.1273042646364  1225.3182826605864
3.9576971530914307  -146.36501591504603  -97.1273042646364  1225.3182826605864
4.016788959503174  -146.36501591504603  -97.1273042646364  1225.3182826605864
4.090188026428223  -146.36501591504603  -97.1273042646364  1225.3182826605864
4.158831596374512  -146.36501591504603  -97.1273042646364  1225.3182826605864
4.233840465545654  -146.36501591504603  -97.1273042646364  1225.3182826605864
4.288025617599487  -146.36501591504603  -97.1273042646364  1225.3182826605864
4.3508100509643555  -146.36501591504603  -97.1273042646364  1225.3182826605864
4.442442178726196  -146.36501591504603  -97.1273042646364  1225.3182826605864
4.51047420501709  -146.36501591504603  -97.1273042646364  1225.3182826605864
4.61751127243042  -146.36501591504603  -97.1273042646364  1225.3182826605864
4.700582504272461  -146.36501591504603  -97.1273042646364  1225.3182826605864
4.753937244415283  -146.36501591504603  -97.1273042646364  1225.3182826605864
4.858004570007324  -146.36501591504603  -97.1273042646364  1225.3182826605864
4.911661624908447  -146.36501591504603  -97.1273042646364  1225.3182826605864
4.968697786331177  -146.36501591504603  -97.1273042646364  1225.3182826605864
5.0699684619903564  -146.36501591504603  -97.1273042646364  1225.3182826605864
5.135621070861816  -146.36501591504603  -97.1273042646364  1225.3182826605864
5.2049760818481445  -146.36501591504603  -97.1273042646364  1225.3182826605864
5.260926246643066  -146.36501591504603  -97.1273042646364  1225.3182826605864
5.31133508682251  -146.36501591504603  -97.1273042646364  1225.3182826605864
5.382410049438477  -146.36501591504603  -97.1273042646364  1225.3182826605864
5.459324359893799  -146.36501591504603  -97.1273042646364  1225.3182826605864
5.550765514373779  -146.36501591504603  -97.1273042646364  1225.3182826605864
5.602038383483887  -146.36501591504603  -97.1273042646364  1225.3182826605864
5.658551931381226  -146.36501591504603  -97.1273042646364  1225.3182826605864
5.7670111656188965  -146.36501591504603  -97.1273042646364  1225.3182826605864
5.837658405303955  -146.36501591504603  -97.1273042646364  1225.3182826605864
5.908699035644531  -146.36501591504603  -97.1273042646364  1225.3182826605864
5.960919380187988  -146.36501591504603  -97.1273042646364  1225.3182826605864
6.037517309188843  -146.36501591504603  -97.1273042646364  1225.3182826605864
6.106378555297852  -146.36501591504603  -97.1273042646364  1225.3182826605864
6.2084572315216064  -146.36501591504603  -97.1273042646364  1225.3182826605864
