0.0  -411.36129509389343  -60.0141912256977  1172.6039275476421
0.17149925231933594  -411.36129509389343  -60.0141912256977  1172.6039275476421
0.2994542121887207  -411.36129509389343  -60.0141912256977  1172.6039275476421
0.6102125644683838  -411.36129509389343  -60.0141912256977  1172.6039275476421
0.6825292110443115  -411.36129509389343  -60.0141912256977  1172.6039275476421
0.743659496307373  -411.36129509389343  -60.0141912256977  1172.6039275476421
0.8979039192199707  -411.36129509389343  -60.0141912256977  1172.6039275476421
0.9518780708312988  -411.36129509389343  -60.0141912256977  1172.6039275476421
1.0045475959777832  -411.36129509389343  -60.0141912256977  1172.6039275476421
1.1114542484283447  -411.36129509389343  -60.0141912256977  1172.6039275476421
1.2556557655334473  -411.36129509389343  -60.0141912256977  1172.6039275476421
1.3075385093688965  -411.36129509389343  -60.0141912256977  1172.6039275476421
1.3994464874267578  -411.36129509389343  -60.0141912256977  1172.6039275476421
1.532759189605713  -411.36129509389343  -60.0141912256977  1172.6039275476421
1.7493462562561035  -411.36129509389343  -60.0141912256977  1172.6039275476421
2.017193555831909  -411.36129509389343  -60.0141912256977  1172.6039275476421
2.178900718688965  -411.36129509389343  -60.0141912256977  1172.6039275476421
2.2547354698181152  -411.36129509389343  -60.0141912256977  1172.6039275476421
2.4091362953186035  -411.36129509389343  -60.0141912256977  1172.6039275476421
2.853358268737793  -411.36129509389343  -60.0141912256977  1172.6039275476421
2.9698891639709473  -411.36129509389343  -60.0141912256977  1172.6039275476421
3.2207255363464355  -411.36129509389343  -60.0141912256977  1172.6039275476421
3.3012571334838867  -411.36129509389343  -60.0141912256977  1172.6039275476421
3.483447790145874  -411.36129509389343  -60.0141912256977  1172.6039275476421
3.6714773178100586  -411.36129509389343  -60.0141912256977  1172.6039275476421
3.945966958999634  -411.36129509389343  -60.0141912256977  1172.6039275476421
4.140936613082886  -411.36129509389343  -60.0141912256977  1172.6039275476421
4.204578876495361  -411.36129509389343  -60.0141912256977  1172.6039275476421
4.29772424697876  -411.36129509389343  -60.0141912256977  1172.6039275476421
4.568838596343994  -411.36129509389343  -60.0141912256977  1172.6039275476421
4.786932706832886  -411.36129509389343  -60.0141912256977  1172.6039275476421
5.217932224273682  -411.36129509389343  -60.0141912256977  1172.6039275476421
5.606814384460449  -411.36129509389343  -60.0141912256977  1172.6039275476421
5.848160266876221  -411.36129509389343  -60.0141912256977  1172.6039275476421
6.223515510559082  -411.36129509389343  -60.0141912256977  1172.6039275476421
6.2893290519714355  -411.36129509389343  -60.0141912256977  1172.6039275476421
6.360246658325195  -411.36129509389343  -60.0141912256977  1172.6039275476421
6.470868110656738  -411.36129509389343  -60.0141912256977  1172.6039275476421
6.657305479049683  -411.36129509389343  -60.0141912256977  1172.6039275476421
6.716921329498291  -411.36129509389343  -60.0141912256977  1172.6039275476421
6.804521322250366  -411.36129509389343  -60.0141912256977  1172.6039275476421
6.9120564460754395  -411.36129509389343  -60.0141912256977  1172.6039275476421
6.986163854598999  -411.36129509389343  -60.0141912256977  1172.6039275476421
7.062320947647095  -411.36129509389343  -60.0141912256977  1172.6039275476421
7.157995223999023  -411.36129509389343  -60.0141912256977  1172.6039275476421
7.3092193603515625  -411.36129509389343  -60.0141912256977  1172.6039275476421
7.4370832443237305  -411.36129509389343  -60.0141912256977  1172.6039275476421
7.5691611766815186  -411.36129509389343  -60.0141912256977  1172.6039275476421
7.8402910232543945  -411.36129509389343  -60.0141912256977  1172.6039275476421
8.195957899093628  -411.36129509389343  -60.0141912256977  1172.6039275476421
8.363443851470947  -411.36129509389343  -60.0141912256977  1172.6039275476421
8.496220111846924  -411.36129509389343  -60.0141912256977  1172.6039275476421
8.713552474975586  -411.36129509389343  -60.0141912256977  1172.6039275476421
8.928484678268433  -411.36129509389343  -60.0141912256977  1172.6039275476421
9.14223051071167  -411.36129509389343  -60.0141912256977  1172.6039275476421
9.364452362060547  -411.36129509389343  -60.0141912256977  1172.6039275476421
9.822676181793213  -411.36129509389343  -60.0141912256977  1172.6039275476421
10.203598260879517  -411.36129509389343  -60.0141912256977  1172.6039275476421
10.547880172729492  -411.36129509389343  -60.0141912256977  1172.6039275476421
10.888954639434814  -411.36129509389343  -60.0141912256977  1172.6039275476421
11.000901699066162  -411.36129509389343  -60.0141912256977  1172.6039275476421
11.090811014175415  -411.36129509389343  -60.0141912256977  1172.6039275476421
11.18943738937378  -411.36129509389343  -60.0141912256977  1172.6039275476421
11.351563453674316  -411.36129509389343  -60.0141912256977  1172.6039275476421
11.569186210632324  -411.36129509389343  -60.0141912256977  1172.6039275476421
11.661739110946655  -411.36129509389343  -60.0141912256977  1172.6039275476421
11.981919765472412  -411.36129509389343  -60.0141912256977  1172.6039275476421
12.186919689178467  -411.36129509389343  -60.0141912256977  1172.6039275476421
12.457874298095703  -411.36129509389343  -60.0141912256977  1172.6039275476421
12.770364761352539  -411.36129509389343  -60.0141912256977  1172.6039275476421
12.896229267120361  -411.36129509389343  -60.0141912256977  1172.6039275476421
13.01010513305664  -411.36129509389343  -60.0141912256977  1172.6039275476421
13.383172988891602  -411.36129509389343  -60.0141912256977  1172.6039275476421
13.854342699050903  -411.36129509389343  -60.0141912256977  1172.6039275476421
14.299261093139648  -411.36129509389343  -60.0141912256977  1172.6039275476421
14.479597568511963  -411.36129509389343  -60.0141912256977  1172.6039275476421
14.676581859588623  -411.36129509389343  -60.0141912256977  1172.6039275476421
14.748100757598877  -411.36129509389343  -60.0141912256977  1172.6039275476421
14.961534976959229  -411.36129509389343  -60.0141912256977  1172.6039275476421
15.107508420944214  -411.36129509389343  -60.0141912256977  1172.6039275476421
15.274646759033203  -411.36129509389343  -60.0141912256977  1172.6039275476421
15.447249412536621  -411.36129509389343  -60.0141912256977  1172.6039275476421
15.603163957595825  -411.36129509389343  -60.0141912256977  1172.6039275476421
15.655051469802856  -411.36129509389343  -60.0141912256977  1172.6039275476421
15.742037057876587  -411.36129509389343  -60.0141912256977  1172.6039275476421
16.024123191833496  -411.36129509389343  -60.0141912256977  1172.6039275476421
16.17668628692627  -411.36129509389343  -60.0141912256977  1172.6039275476421
16.356534004211426  -411.36129509389343  -60.0141912256977  1172.6039275476421
16.616563081741333  -411.36129509389343  -60.0141912256977  1172.6039275476421
