0.0  -590.992506351904  50.47304336989347  1030.8796357950082
0.07339715957641602  -590.992506351904  50.47304336989347  1030.8796357950082
0.20772266387939453  -590.992506351904  50.47304336989347  1030.8796357950082
0.3099045753479004  -590.992506351904  50.47304336989347  1030.8796357950082
0.3879380226135254  -590.992506351904  50.47304336989347  1030.8796357950082
0.6130380630493164  -590.992506351904  50.47304336989347  1030.8796357950082
0.7365326881408691  -590.992506351904  50.47304336989347  1030.8796357950082
0.9654598236083984  -590.992506351904  50.47304336989347  1030.8796357950082
1.0196890830993652  -590.992506351904  50.47304336989347  1030.8796357950082
1.127568244934082  -590.992506351904  50.47304336989347  1030.8796357950082
1.4008140563964844  -590.992506351904  50.47304336989347  1030.8796357950082
1.6356136798858643  -590.992506351904  50.47304336989347  1030.8796357950082
1.723473072052002  -590.992506351904  50.47304336989347  1030.8796357950082
1.942051649093628  -590.992506351904  50.47304336989347  1030.8796357950082
2.0011847019195557  -590.992506351904  50.47304336989347  1030.8796357950082
2.2414815425872803  -590.992506351904  50.47304336989347  1030.8796357950082
2.3055248260498047  -590.992506351904  50.47304336989347  1030.8796357950082
2.587282419204712  -590.992506351904  50.47304336989347  1030.8796357950082
2.6889758110046387  -590.992506351904  50.47304336989347  1030.8796357950082
2.7414474487304688  -590.992506351904  50.47304336989347  1030.8796357950082
3.034454345703125  -590.992506351904  50.47304336989347  1030.8796357950082
3.289184808731079  -590.992506351904  50.47304336989347  1030.8796357950082
3.5662519931793213  -590.992506351904  50.47304336989347  1030.8796357950082
3.714883804321289  -590.992506351904  50.47304336989347  1030.8796357950082
3.89701509475708  -590.992506351904  50.47304336989347  1030.8796357950082
4.2919299602508545  -590.992506351904  50.47304336989347  1030.8796357950082
