0.0  -343.9882147333596  -408.76157723433204  1895.2998435975906
0.07339715957641602  -343.9882147333596  -408.76157723433204  1895.2998435975906
0.14222192764282227  -343.9882147333596  -408.76157723433204  1895.2998435975906
0.3099045753479004  -343.9882147333596  -408.76157723433204  1895.2998435975906
0.3879380226135254  -343.9882147333596  -408.76157723433204  1895.2998435975906
0.5660266876220703  -343.9882147333596  -408.76157723433204  1895.2998435975906
0.6484720706939697  -343.9882147333596  -408.76157723433204  1895.2998435975906
0.9494049549102783  -343.9882147333596  -408.76157723433204  1895.2998435975906
1.0017945766448975  -343.9882147333596  -408.76157723433204  1895.2998435975906
1.127568244934082  -343.9882147333596  -408.76157723433204  1895.2998435975906
1.3005762100219727  -343.9882147333596  -408.76157723433204  1895.2998435975906
1.5989141464233398  -343.9882147333596  -408.76157723433204  1895.2998435975906
1.652400255203247  -343.9882147333596  -408.76157723433204  1895.2998435975906
1.723473072052002  -343.9882147333596  -408.76157723433204  1895.2998435975906
1.7757325172424316  -343.9882147333596  -408.76157723433204  1895.2998435975906
1.9825339317321777  -343.9882147333596  -408.76157723433204  1895.2998435975906
2.142887592315674  -343.9882147333596  -408.76157723433204  1895.2998435975906
2.3055248260498047  -343.9882147333596  -408.76157723433204  1895.2998435975906
2.4969489574432373  -343.9882147333596  -408.76157723433204  1895.2998435975906
2.610414505004883  -343.9882147333596  -408.76157723433204  1895.2998435975906
2.6889758110046387  -343.9882147333596  -408.76157723433204  1895.2998435975906
2.7414474487304688  -343.9882147333596  -408.76157723433204  1895.2998435975906
2.939039468765259  -343.9882147333596  -408.76157723433204  1895.2998435975906
3.141544818878174  -343.9882147333596  -408.76157723433204  1895.2998435975906
3.5034217834472656  -343.9882147333596  -408.76157723433204  1895.2998435975906
3.5662519931793213  -343.9882147333596  -408.76157723433204  1895.2998435975906
3.89701509475708  -343.9882147333596  -408.76157723433204  1895.2998435975906
4.160222053527832  -343.9882147333596  -408.76157723433204  1895.2998435975906
4.31494140625  -343.9882147333596  -408.76157723433204  1895.2998435975906
