0.0  -411.36129509389343  -60.0141912256977  1172.6039275476421
0.05856633186340332  -411.36129509389343  -60.0141912256977  1172.6039275476421
0.10967278480529785  -411.36129509389343  -60.0141912256977  1172.6039275476421
0.26089906692504883  -411.36129509389343  -60.0141912256977  1172.6039275476421
0.40879321098327637  -411.36129509389343  -60.0141912256977  1172.6039275476421
0.4593040943145752  -411.36129509389343  -60.0141912256977  1172.6039275476421
0.5610635280609131  -411.36129509389343  -60.0141912256977  1172.6039275476421
0.6199550628662109  -411.36129509389343  -60.0141912256977  1172.6039275476421
0.7373025417327881  -411.36129509389343  -60.0141912256977  1172.6039275476421
0.8995187282562256  -411.36129509389343  -60.0141912256977  1172.6039275476421
0.9531481266021729  -411.36129509389343  -60.0141912256977  1172.6039275476421
1.014472246170044  -411.36129509389343  -60.0141912256977  1172.6039275476421
1.112731695175171  -411.36129509389343  -60.0141912256977  1172.6039275476421
1.2488439083099365  -411.36129509389343  -60.0141912256977  1172.6039275476421
1.304687738418579  -411.36129509389343  -60.0141912256977  1172.6039275476421
1.4928219318389893  -411.36129509389343  -60.0141912256977  1172.6039275476421
1.6153442859649658  -411.36129509389343  -60.0141912256977  1172.6039275476421
1.6728675365447998  -411.36129509389343  -60.0141912256977  1172.6039275476421
1.7688872814178467  -411.36129509389343  -60.0141912256977  1172.6039275476421
1.9303717613220215  -411.36129509389343  -60.0141912256977  1172.6039275476421
2.127129316329956  -411.36129509389343  -60.0141912256977  1172.6039275476421
2.373722791671753  -411.36129509389343  -60.0141912256977  1172.6039275476421
2.436769723892212  -411.36129509389343  -60.0141912256977  1172.6039275476421
2.642713785171509  -411.36129509389343  -60.0141912256977  1172.6039275476421
2.7758991718292236  -411.36129509389343  -60.0141912256977  1172.6039275476421
2.828727960586548  -411.36129509389343  -60.0141912256977  1172.6039275476421
2.955984115600586  -411.36129509389343  -60.0141912256977  1172.6039275476421
3.100043773651123  -411.36129509389343  -60.0141912256977  1172.6039275476421
3.222217321395874  -411.36129509389343  -60.0141912256977  1172.6039275476421
3.3098671436309814  -411.36129509389343  -60.0141912256977  1172.6039275476421
3.5210187435150146  -411.36129509389343  -60.0141912256977  1172.6039275476421
3.6204135417938232  -411.36129509389343  -60.0141912256977  1172.6039275476421
3.695349931716919  -411.36129509389343  -60.0141912256977  1172.6039275476421
3.756669282913208  -411.36129509389343  -60.0141912256977  1172.6039275476421
3.8900654315948486  -411.36129509389343  -60.0141912256977  1172.6039275476421
4.09904146194458  -411.36129509389343  -60.0141912256977  1172.6039275476421
4.258866548538208  -411.36129509389343  -60.0141912256977  1172.6039275476421
4.579505681991577  -411.36129509389343  -60.0141912256977  1172.6039275476421
4.769118070602417  -411.36129509389343  -60.0141912256977  1172.6039275476421
4.85155987739563  -411.36129509389343  -60.0141912256977  1172.6039275476421
5.253778696060181  -411.36129509389343  -60.0141912256977  1172.6039275476421
5.460596323013306  -411.36129509389343  -60.0141912256977  1172.6039275476421
5.751715421676636  -411.36129509389343  -60.0141912256977  1172.6039275476421
5.900957822799683  -411.36129509389343  -60.0141912256977  1172.6039275476421
6.021912574768066  -411.36129509389343  -60.0141912256977  1172.6039275476421
6.078907251358032  -411.36129509389343  -60.0141912256977  1172.6039275476421
6.1473069190979  -411.36129509389343  -60.0141912256977  1172.6039275476421
6.2153565883636475  -411.36129509389343  -60.0141912256977  1172.6039275476421
6.315965414047241  -411.36129509389343  -60.0141912256977  1172.6039275476421
6.397332668304443  -411.36129509389343  -60.0141912256977  1172.6039275476421
6.5544445514678955  -411.36129509389343  -60.0141912256977  1172.6039275476421
6.622239112854004  -411.36129509389343  -60.0141912256977  1172.6039275476421
6.708392858505249  -411.36129509389343  -60.0141912256977  1172.6039275476421
6.7670557498931885  -411.36129509389343  -60.0141912256977  1172.6039275476421
6.9109742641448975  -411.36129509389343  -60.0141912256977  1172.6039275476421
6.9968483448028564  -411.36129509389343  -60.0141912256977  1172.6039275476421
7.12345290184021  -411.36129509389343  -60.0141912256977  1172.6039275476421
7.18715500831604  -411.36129509389343  -60.0141912256977  1172.6039275476421
7.244039058685303  -411.36129509389343  -60.0141912256977  1172.6039275476421
7.3575146198272705  -411.36129509389343  -60.0141912256977  1172.6039275476421
7.407644033432007  -411.36129509389343  -60.0141912256977  1172.6039275476421
7.5297768115997314  -411.36129509389343  -60.0141912256977  1172.6039275476421
7.614619970321655  -411.36129509389343  -60.0141912256977  1172.6039275476421
7.713923215866089  -411.36129509389343  -60.0141912256977  1172.6039275476421
7.77503514289856  -411.36129509389343  -60.0141912256977  1172.6039275476421
7.872091054916382  -411.36129509389343  -60.0141912256977  1172.6039275476421
7.9478600025177  -411.36129509389343  -60.0141912256977  1172.6039275476421
8.037559270858765  -411.36129509389343  -60.0141912256977  1172.6039275476421
8.096397161483765  -411.36129509389343  -60.0141912256977  1172.6039275476421
8.176861047744751  -411.36129509389343  -60.0141912256977  1172.6039275476421
8.275676965713501  -411.36129509389343  -60.0141912256977  1172.6039275476421
8.458220720291138  -411.36129509389343  -60.0141912256977  1172.6039275476421
8.589142084121704  -411.36129509389343  -60.0141912256977  1172.6039275476421
8.696975231170654  -411.36129509389343  -60.0141912256977  1172.6039275476421
8.84533953666687  -411.36129509389343  -60.0141912256977  1172.6039275476421
8.91932988166809  -411.36129509389343  -60.0141912256977  1172.6039275476421
9.080799341201782  -411.36129509389343  -60.0141912256977  1172.6039275476421
9.157286405563354  -411.36129509389343  -60.0141912256977  1172.6039275476421
9.253323316574097  -411.36129509389343  -60.0141912256977  1172.6039275476421
9.313161611557007  -411.36129509389343  -60.0141912256977  1172.6039275476421
9.428134679794312  -411.36129509389343  -60.0141912256977  1172.6039275476421
9.48280143737793  -411.36129509389343  -60.0141912256977  1172.6039275476421
9.56027340888977  -411.36129509389343  -60.0141912256977  1172.6039275476421
9.636247158050537  -411.36129509389343  -60.0141912256977  1172.6039275476421
9.73634648323059  -411.36129509389343  -60.0141912256977  1172.6039275476421
9.796437501907349  -411.36129509389343  -60.0141912256977  1172.6039275476421
9.94448184967041  -411.36129509389343  -60.0141912256977  1172.6039275476421
10.109154224395752  -411.36129509389343  -60.0141912256977  1172.6039275476421
10.160342931747437  -411.36129509389343  -60.0141912256977  1172.6039275476421
10.311350107192993  -411.36129509389343  -60.0141912256977  1172.6039275476421
10.373484373092651  -411.36129509389343  -60.0141912256977  1172.6039275476421
10.442438125610352  -411.36129509389343  -60.0141912256977  1172.6039275476421
10.570575475692749  -411.36129509389343  -60.0141912256977  1172.6039275476421
10.657994985580444  -411.36129509389343  -60.0141912256977  1172.6039275476421
10.838132381439209  -411.36129509389343  -60.0141912256977  1172.6039275476421
10.919793367385864  -411.36129509389343  -60.0141912256977  1172.6039275476421
11.019554376602173  -411.36129509389343  -60.0141912256977  1172.6039275476421
11.102363348007202  -411.36129509389343  -60.0141912256977  1172.6039275476421
11.184288740158081  -411.36129509389343  -60.0141912256977  1172.6039275476421
11.236787796020508  -411.36129509389343  -60.0141912256977  1172.6039275476421
11.316039562225342  -411.36129509389343  -60.0141912256977  1172.6039275476421
11.429420948028564  -411.36129509389343  -60.0141912256977  1172.6039275476421
11.536882638931274  -411.36129509389343  -60.0141912256977  1172.6039275476421
11.680568218231201  -411.36129509389343  -60.0141912256977  1172.6039275476421
11.909044742584229  -411.36129509389343  -60.0141912256977  1172.6039275476421
12.030755281448364  -411.36129509389343  -60.0141912256977  1172.6039275476421
12.124054908752441  -411.36129509389343  -60.0141912256977  1172.6039275476421
12.196297407150269  -411.36129509389343  -60.0141912256977  1172.6039275476421
12.297641515731812  -411.36129509389343  -60.0141912256977  1172.6039275476421
12.374072313308716  -411.36129509389343  -60.0141912256977  1172.6039275476421
12.442927122116089  -411.36129509389343  -60.0141912256977  1172.6039275476421
12.518937349319458  -411.36129509389343  -60.0141912256977  1172.6039275476421
12.673282861709595  -411.36129509389343  -60.0141912256977  1172.6039275476421
12.763548612594604  -411.36129509389343  -60.0141912256977  1172.6039275476421
12.85433030128479  -411.36129509389343  -60.0141912256977  1172.6039275476421
12.976531744003296  -411.36129509389343  -60.0141912256977  1172.6039275476421
13.046612024307251  -411.36129509389343  -60.0141912256977  1172.6039275476421
13.159337759017944  -411.36129509389343  -60.0141912256977  1172.6039275476421
13.245634317398071  -411.36129509389343  -60.0141912256977  1172.6039275476421
13.308704614639282  -411.36129509389343  -60.0141912256977  1172.6039275476421
13.416442155838013  -411.36129509389343  -60.0141912256977  1172.6039275476421
13.478628873825073  -411.36129509389343  -60.0141912256977  1172.6039275476421
