0.0  -432.83571913219504  -373.94781911177085  1690.6767035391417
0.05856633186340332  -432.83571913219504  -373.94781911177085  1690.6767035391417
0.10967278480529785  -432.83571913219504  -373.94781911177085  1690.6767035391417
0.26089906692504883  -432.83571913219504  -373.94781911177085  1690.6767035391417
0.3865354061126709  -432.83571913219504  -373.94781911177085  1690.6767035391417
0.43743371963500977  -432.83571913219504  -373.94781911177085  1690.6767035391417
0.5118062496185303  -432.83571913219504  -373.94781911177085  1690.6767035391417
0.5870463848114014  -432.83571913219504  -373.94781911177085  1690.6767035391417
0.6769049167633057  -432.83571913219504  -373.94781911177085  1690.6767035391417
0.8995187282562256  -432.83571913219504  -373.94781911177085  1690.6767035391417
0.9531481266021729  -432.83571913219504  -373.94781911177085  1690.6767035391417
1.014472246170044  -432.83571913219504  -373.94781911177085  1690.6767035391417
1.112731695175171  -432.83571913219504  -373.94781911177085  1690.6767035391417
1.2020883560180664  -432.83571913219504  -373.94781911177085  1690.6767035391417
1.2581160068511963  -432.83571913219504  -373.94781911177085  1690.6767035391417
1.4289863109588623  -432.83571913219504  -373.94781911177085  1690.6767035391417
1.6153442859649658  -432.83571913219504  -373.94781911177085  1690.6767035391417
1.6728675365447998  -432.83571913219504  -373.94781911177085  1690.6767035391417
1.761232614517212  -432.83571913219504  -373.94781911177085  1690.6767035391417
1.9303717613220215  -432.83571913219504  -373.94781911177085  1690.6767035391417
2.019493341445923  -432.83571913219504  -373.94781911177085  1690.6767035391417
2.373722791671753  -432.83571913219504  -373.94781911177085  1690.6767035391417
2.436769723892212  -432.83571913219504  -373.94781911177085  1690.6767035391417
2.557481288909912  -432.83571913219504  -373.94781911177085  1690.6767035391417
2.668321371078491  -432.83571913219504  -373.94781911177085  1690.6767035391417
2.7758991718292236  -432.83571913219504  -373.94781911177085  1690.6767035391417
2.828727960586548  -432.83571913219504  -373.94781911177085  1690.6767035391417
2.955984115600586  -432.83571913219504  -373.94781911177085  1690.6767035391417
3.100043773651123  -432.83571913219504  -373.94781911177085  1690.6767035391417
3.2145588397979736  -432.83571913219504  -373.94781911177085  1690.6767035391417
3.2657055854797363  -432.83571913219504  -373.94781911177085  1690.6767035391417
3.4934592247009277  -432.83571913219504  -373.94781911177085  1690.6767035391417
3.559896469116211  -432.83571913219504  -373.94781911177085  1690.6767035391417
3.6204135417938232  -432.83571913219504  -373.94781911177085  1690.6767035391417
3.695349931716919  -432.83571913219504  -373.94781911177085  1690.6767035391417
3.756669282913208  -432.83571913219504  -373.94781911177085  1690.6767035391417
3.8616528511047363  -432.83571913219504  -373.94781911177085  1690.6767035391417
4.09904146194458  -432.83571913219504  -373.94781911177085  1690.6767035391417
4.205567121505737  -432.83571913219504  -373.94781911177085  1690.6767035391417
4.579505681991577  -432.83571913219504  -373.94781911177085  1690.6767035391417
4.683727979660034  -432.83571913219504  -373.94781911177085  1690.6767035391417
4.769118070602417  -432.83571913219504  -373.94781911177085  1690.6767035391417
5.246060371398926  -432.83571913219504  -373.94781911177085  1690.6767035391417
5.460596323013306  -432.83571913219504  -373.94781911177085  1690.6767035391417
5.695105314254761  -432.83571913219504  -373.94781911177085  1690.6767035391417
5.900957822799683  -432.83571913219504  -373.94781911177085  1690.6767035391417
5.993463039398193  -432.83571913219504  -373.94781911177085  1690.6767035391417
6.078907251358032  -432.83571913219504  -373.94781911177085  1690.6767035391417
6.1473069190979  -432.83571913219504  -373.94781911177085  1690.6767035391417
6.2153565883636475  -432.83571913219504  -373.94781911177085  1690.6767035391417
6.315965414047241  -432.83571913219504  -373.94781911177085  1690.6767035391417
6.397332668304443  -432.83571913219504  -373.94781911177085  1690.6767035391417
6.544379472732544  -432.83571913219504  -373.94781911177085  1690.6767035391417
6.604368448257446  -432.83571913219504  -373.94781911177085  1690.6767035391417
6.698585748672485  -432.83571913219504  -373.94781911177085  1690.6767035391417
6.7670557498931885  -432.83571913219504  -373.94781911177085  1690.6767035391417
6.8972487449646  -432.83571913219504  -373.94781911177085  1690.6767035391417
6.9769508838653564  -432.83571913219504  -373.94781911177085  1690.6767035391417
7.050532102584839  -432.83571913219504  -373.94781911177085  1690.6767035391417
7.18715500831604  -432.83571913219504  -373.94781911177085  1690.6767035391417
7.244039058685303  -432.83571913219504  -373.94781911177085  1690.6767035391417
7.3497912883758545  -432.83571913219504  -373.94781911177085  1690.6767035391417
7.407644033432007  -432.83571913219504  -373.94781911177085  1690.6767035391417
7.5297768115997314  -432.83571913219504  -373.94781911177085  1690.6767035391417
7.614619970321655  -432.83571913219504  -373.94781911177085  1690.6767035391417
7.6885833740234375  -432.83571913219504  -373.94781911177085  1690.6767035391417
7.744253396987915  -432.83571913219504  -373.94781911177085  1690.6767035391417
7.794777154922485  -432.83571913219504  -373.94781911177085  1690.6767035391417
7.872091054916382  -432.83571913219504  -373.94781911177085  1690.6767035391417
7.9478600025177  -432.83571913219504  -373.94781911177085  1690.6767035391417
8.010512590408325  -432.83571913219504  -373.94781911177085  1690.6767035391417
8.096397161483765  -432.83571913219504  -373.94781911177085  1690.6767035391417
8.176861047744751  -432.83571913219504  -373.94781911177085  1690.6767035391417
8.275676965713501  -432.83571913219504  -373.94781911177085  1690.6767035391417
8.408180952072144  -432.83571913219504  -373.94781911177085  1690.6767035391417
8.589142084121704  -432.83571913219504  -373.94781911177085  1690.6767035391417
8.672073364257812  -432.83571913219504  -373.94781911177085  1690.6767035391417
8.72676968574524  -432.83571913219504  -373.94781911177085  1690.6767035391417
8.90420126914978  -432.83571913219504  -373.94781911177085  1690.6767035391417
8.956655979156494  -432.83571913219504  -373.94781911177085  1690.6767035391417
9.080799341201782  -432.83571913219504  -373.94781911177085  1690.6767035391417
9.157286405563354  -432.83571913219504  -373.94781911177085  1690.6767035391417
9.212094068527222  -432.83571913219504  -373.94781911177085  1690.6767035391417
9.298543930053711  -432.83571913219504  -373.94781911177085  1690.6767035391417
9.360958337783813  -432.83571913219504  -373.94781911177085  1690.6767035391417
9.428134679794312  -432.83571913219504  -373.94781911177085  1690.6767035391417
9.48280143737793  -432.83571913219504  -373.94781911177085  1690.6767035391417
9.56027340888977  -432.83571913219504  -373.94781911177085  1690.6767035391417
9.636247158050537  -432.83571913219504  -373.94781911177085  1690.6767035391417
9.699844598770142  -432.83571913219504  -373.94781911177085  1690.6767035391417
9.771112203598022  -432.83571913219504  -373.94781911177085  1690.6767035391417
9.94448184967041  -432.83571913219504  -373.94781911177085  1690.6767035391417
10.00999903678894  -432.83571913219504  -373.94781911177085  1690.6767035391417
10.160342931747437  -432.83571913219504  -373.94781911177085  1690.6767035391417
10.210775375366211  -432.83571913219504  -373.94781911177085  1690.6767035391417
10.373484373092651  -432.83571913219504  -373.94781911177085  1690.6767035391417
10.442438125610352  -432.83571913219504  -373.94781911177085  1690.6767035391417
10.542946577072144  -432.83571913219504  -373.94781911177085  1690.6767035391417
10.657994985580444  -432.83571913219504  -373.94781911177085  1690.6767035391417
10.838132381439209  -432.83571913219504  -373.94781911177085  1690.6767035391417
10.898256540298462  -432.83571913219504  -373.94781911177085  1690.6767035391417
10.984977960586548  -432.83571913219504  -373.94781911177085  1690.6767035391417
11.065988779067993  -432.83571913219504  -373.94781911177085  1690.6767035391417
11.184288740158081  -432.83571913219504  -373.94781911177085  1690.6767035391417
11.236787796020508  -432.83571913219504  -373.94781911177085  1690.6767035391417
11.316039562225342  -432.83571913219504  -373.94781911177085  1690.6767035391417
11.429420948028564  -432.83571913219504  -373.94781911177085  1690.6767035391417
11.498189687728882  -432.83571913219504  -373.94781911177085  1690.6767035391417
11.680568218231201  -432.83571913219504  -373.94781911177085  1690.6767035391417
11.741943120956421  -432.83571913219504  -373.94781911177085  1690.6767035391417
12.030755281448364  -432.83571913219504  -373.94781911177085  1690.6767035391417
12.124054908752441  -432.83571913219504  -373.94781911177085  1690.6767035391417
12.178521871566772  -432.83571913219504  -373.94781911177085  1690.6767035391417
12.286714553833008  -432.83571913219504  -373.94781911177085  1690.6767035391417
12.374072313308716  -432.83571913219504  -373.94781911177085  1690.6767035391417
12.442927122116089  -432.83571913219504  -373.94781911177085  1690.6767035391417
12.518937349319458  -432.83571913219504  -373.94781911177085  1690.6767035391417
12.653793334960938  -432.83571913219504  -373.94781911177085  1690.6767035391417
12.72860836982727  -432.83571913219504  -373.94781911177085  1690.6767035391417
12.835346460342407  -432.83571913219504  -373.94781911177085  1690.6767035391417
12.976531744003296  -432.83571913219504  -373.94781911177085  1690.6767035391417
13.046612024307251  -432.83571913219504  -373.94781911177085  1690.6767035391417
13.159337759017944  -432.83571913219504  -373.94781911177085  1690.6767035391417
13.245634317398071  -432.83571913219504  -373.94781911177085  1690.6767035391417
13.308704614639282  -432.83571913219504  -373.94781911177085  1690.6767035391417
13.416442155838013  -432.83571913219504  -373.94781911177085  1690.6767035391417
13.478628873825073  -432.83571913219504  -373.94781911177085  1690.6767035391417
