0.025697946548461914  -146.36501591504603  -97.1273042646364  1225.3182826605864
0.16193342208862305  -146.36501591504603  -97.1273042646364  1225.3182826605864
0.2660698890686035  -146.36501591504603  -97.1273042646364  1225.3182826605864
0.3796966075897217  -146.36501591504603  -97.1273042646364  1225.3182826605864
0.5691637992858887  -146.36501591504603  -97.1273042646364  1225.3182826605864
0.6245417594909668  -146.36501591504603  -97.1273042646364  1225.3182826605864
0.7174468040466309  -146.36501591504603  -97.1273042646364  1225.3182826605864
0.8262734413146973  -146.36501591504603  -97.1273042646364  1225.3182826605864
0.9333488941192627  -146.36501591504603  -97.1273042646364  1225.3182826605864
1.0191254615783691  -146.36501591504603  -97.1273042646364  1225.3182826605864
1.0743560791015625  -146.36501591504603  -97.1273042646364  1225.3182826605864
1.1477711200714111  -146.36501591504603  -97.1273042646364  1225.3182826605864
1.2043542861938477  -146.36501591504603  -97.1273042646364  1225.3182826605864
1.2597510814666748  -146.36501591504603  -97.1273042646364  1225.3182826605864
1.351076602935791  -146.36501591504603  -97.1273042646364  1225.3182826605864
1.4099631309509277  -146.36501591504603  -97.1273042646364  1225.3182826605864
1.4927387237548828  -146.36501591504603  -97.1273042646364  1225.3182826605864
1.5862765312194824  -146.36501591504603  -97.1273042646364  1225.3182826605864
1.6406545639038086  -146.36501591504603  -97.1273042646364  1225.3182826605864
1.7283287048339844  -146.36501591504603  -97.1273042646364  1225.3182826605864
1.8078832626342773  -146.36501591504603  -97.1273042646364  1225.3182826605864
1.8667373657226562  -146.36501591504603  -97.1273042646364  1225.3182826605864
1.9346718788146973  -146.36501591504603  -97.1273042646364  1225.3182826605864
1.9939351081848145  -146.36501591504603  -97.1273042646364  1225.3182826605864
2.0599117279052734  -146.36501591504603  -97.1273042646364  1225.3182826605864
2.211268901824951  -146.36501591504603  -97.1273042646364  1225.3182826605864
2.278968334197998  -146.36501591504603  -97.1273042646364  1225.3182826605864
2.351222515106201  -146.36501591504603  -97.1273042646364  1225.3182826605864
2.4680042266845703  -146.36501591504603  -97.1273042646364  1225.3182826605864
2.5354623794555664  -146.36501591504603  -97.1273042646364  1225.3182826605864
2.618739604949951  -146.36501591504603  -97.1273042646364  1225.3182826605864
2.7122504711151123  -146.36501591504603  -97.1273042646364  1225.3182826605864
2.8267807960510254  -146.36501591504603  -97.1273042646364  1225.3182826605864
2.910825252532959  -146.36501591504603  -97.1273042646364  1225.3182826605864
3.0058302879333496  -146.36501591504603  -97.1273042646364  1225.3182826605864
3.069592237472534  -146.36501591504603  -97.1273042646364  1225.3182826605864
3.1282875537872314  -146.36501591504603  -97.1273042646364  1225.3182826605864
3.2073137760162354  -146.36501591504603  -97.1273042646364  1225.3182826605864
3.262917995452881  -146.36501591504603  -97.1273042646364  1225.3182826605864
3.313178539276123  -146.36501591504603  -97.1273042646364  1225.3182826605864
3.370342254638672  -146.36501591504603  -97.1273042646364  1225.3182826605864
3.4351603984832764  -146.36501591504603  -97.1273042646364  1225.3182826605864
3.52766752243042  -146.36501591504603  -97.1273042646364  1225.3182826605864
3.6068363189697266  -146.36501591504603  -97.1273042646364  1225.3182826605864
3.67698335647583  -146.36501591504603  -97.1273042646364  1225.3182826605864
3.741961717605591  -146.36501591504603  -97.1273042646364  1225.3182826605864
