0.02311420440673828  -30.823796416427026  -143.13139723993137  1377.7799229338218
0.26173877716064453  -30.823796416427026  -143.13139723993137  1377.7799229338218
0.6260876655578613  -30.823796416427026  -143.13139723993137  1377.7799229338218
0.6825292110443115  -30.823796416427026  -143.13139723993137  1377.7799229338218
0.743659496307373  -30.823796416427026  -143.13139723993137  1377.7799229338218
0.9518780708312988  -30.823796416427026  -143.13139723993137  1377.7799229338218
1.0045475959777832  -30.823796416427026  -143.13139723993137  1377.7799229338218
1.144618272781372  -30.823796416427026  -143.13139723993137  1377.7799229338218
1.2556557655334473  -30.823796416427026  -143.13139723993137  1377.7799229338218
1.3075385093688965  -30.823796416427026  -143.13139723993137  1377.7799229338218
1.5000131130218506  -30.823796416427026  -143.13139723993137  1377.7799229338218
1.7891521453857422  -30.823796416427026  -143.13139723993137  1377.7799229338218
2.152981996536255  -30.823796416427026  -143.13139723993137  1377.7799229338218
2.2547354698181152  -30.823796416427026  -143.13139723993137  1377.7799229338218
2.724318504333496  -30.823796416427026  -143.13139723993137  1377.7799229338218
2.8756589889526367  -30.823796416427026  -143.13139723993137  1377.7799229338218
3.2007946968078613  -30.823796416427026  -143.13139723993137  1377.7799229338218
3.3012571334838867  -30.823796416427026  -143.13139723993137  1377.7799229338218
3.6714773178100586  -30.823796416427026  -143.13139723993137  1377.7799229338218
3.945966958999634  -30.823796416427026  -143.13139723993137  1377.7799229338218
4.140936613082886  -30.823796416427026  -143.13139723993137  1377.7799229338218
4.253819465637207  -30.823796416427026  -143.13139723993137  1377.7799229338218
4.437715530395508  -30.823796416427026  -143.13139723993137  1377.7799229338218
4.568838596343994  -30.823796416427026  -143.13139723993137  1377.7799229338218
4.940999507904053  -30.823796416427026  -143.13139723993137  1377.7799229338218
5.381479740142822  -30.823796416427026  -143.13139723993137  1377.7799229338218
5.716035842895508  -30.823796416427026  -143.13139723993137  1377.7799229338218
6.002007007598877  -30.823796416427026  -143.13139723993137  1377.7799229338218
6.2483625411987305  -30.823796416427026  -143.13139723993137  1377.7799229338218
6.360246658325195  -30.823796416427026  -143.13139723993137  1377.7799229338218
6.4867730140686035  -30.823796416427026  -143.13139723993137  1377.7799229338218
6.657305479049683  -30.823796416427026  -143.13139723993137  1377.7799229338218
6.716921329498291  -30.823796416427026  -143.13139723993137  1377.7799229338218
6.850079536437988  -30.823796416427026  -143.13139723993137  1377.7799229338218
6.947116374969482  -30.823796416427026  -143.13139723993137  1377.7799229338218
7.034700632095337  -30.823796416427026  -143.13139723993137  1377.7799229338218
7.157995223999023  -30.823796416427026  -143.13139723993137  1377.7799229338218
7.410187005996704  -30.823796416427026  -143.13139723993137  1377.7799229338218
7.482011795043945  -30.823796416427026  -143.13139723993137  1377.7799229338218
7.627679824829102  -30.823796416427026  -143.13139723993137  1377.7799229338218
8.109827995300293  -30.823796416427026  -143.13139723993137  1377.7799229338218
8.363443851470947  -30.823796416427026  -143.13139723993137  1377.7799229338218
8.531962633132935  -30.823796416427026  -143.13139723993137  1377.7799229338218
8.794919490814209  -30.823796416427026  -143.13139723993137  1377.7799229338218
8.995879650115967  -30.823796416427026  -143.13139723993137  1377.7799229338218
9.14223051071167  -30.823796416427026  -143.13139723993137  1377.7799229338218
9.587768077850342  -30.823796416427026  -143.13139723993137  1377.7799229338218
9.970776081085205  -30.823796416427026  -143.13139723993137  1377.7799229338218
10.358095407485962  -30.823796416427026  -143.13139723993137  1377.7799229338218
10.611143827438354  -30.823796416427026  -143.13139723993137  1377.7799229338218
11.000901699066162  -30.823796416427026  -143.13139723993137  1377.7799229338218
11.082494974136353  -30.823796416427026  -143.13139723993137  1377.7799229338218
11.29177737236023  -30.823796416427026  -143.13139723993137  1377.7799229338218
11.351563453674316  -30.823796416427026  -143.13139723993137  1377.7799229338218
11.569186210632324  -30.823796416427026  -143.13139723993137  1377.7799229338218
11.710554838180542  -30.823796416427026  -143.13139723993137  1377.7799229338218
12.020723342895508  -30.823796416427026  -143.13139723993137  1377.7799229338218
12.310853481292725  -30.823796416427026  -143.13139723993137  1377.7799229338218
12.644826412200928  -30.823796416427026  -143.13139723993137  1377.7799229338218
12.896229267120361  -30.823796416427026  -143.13139723993137  1377.7799229338218
13.1930570602417  -30.823796416427026  -143.13139723993137  1377.7799229338218
13.617140769958496  -30.823796416427026  -143.13139723993137  1377.7799229338218
14.006624937057495  -30.823796416427026  -143.13139723993137  1377.7799229338218
14.43611192703247  -30.823796416427026  -143.13139723993137  1377.7799229338218
14.510985851287842  -30.823796416427026  -143.13139723993137  1377.7799229338218
14.688978672027588  -30.823796416427026  -143.13139723993137  1377.7799229338218
14.748100757598877  -30.823796416427026  -143.13139723993137  1377.7799229338218
14.961534976959229  -30.823796416427026  -143.13139723993137  1377.7799229338218
15.107508420944214  -30.823796416427026  -143.13139723993137  1377.7799229338218
15.357697010040283  -30.823796416427026  -143.13139723993137  1377.7799229338218
15.477608680725098  -30.823796416427026  -143.13139723993137  1377.7799229338218
15.626892566680908  -30.823796416427026  -143.13139723993137  1377.7799229338218
15.779438972473145  -30.823796416427026  -143.13139723993137  1377.7799229338218
16.146535396575928  -30.823796416427026  -143.13139723993137  1377.7799229338218
16.616563081741333  -30.823796416427026  -143.13139723993137  1377.7799229338218
