0.03993082046508789  -8.370163566062429  -314.1144326690733  1814.1666797903915
0.1050117015838623  -8.370163566062429  -314.1144326690733  1814.1666797903915
0.20772266387939453  -8.370163566062429  -314.1144326690733  1814.1666797903915
0.3099045753479004  -8.370163566062429  -314.1144326690733  1814.1666797903915
0.3879380226135254  -8.370163566062429  -314.1144326690733  1814.1666797903915
0.6484720706939697  -8.370163566062429  -314.1144326690733  1814.1666797903915
0.7677104473114014  -8.370163566062429  -314.1144326690733  1814.1666797903915
0.9654598236083984  -8.370163566062429  -314.1144326690733  1814.1666797903915
1.0196890830993652  -8.370163566062429  -314.1144326690733  1814.1666797903915
1.127568244934082  -8.370163566062429  -314.1144326690733  1814.1666797903915
1.4356749057769775  -8.370163566062429  -314.1144326690733  1814.1666797903915
1.6356136798858643  -8.370163566062429  -314.1144326690733  1814.1666797903915
1.723473072052002  -8.370163566062429  -314.1144326690733  1814.1666797903915
1.9825339317321777  -8.370163566062429  -314.1144326690733  1814.1666797903915
2.2414815425872803  -8.370163566062429  -314.1144326690733  1814.1666797903915
2.3055248260498047  -8.370163566062429  -314.1144326690733  1814.1666797903915
2.587282419204712  -8.370163566062429  -314.1144326690733  1814.1666797903915
2.6889758110046387  -8.370163566062429  -314.1144326690733  1814.1666797903915
2.7701616287231445  -8.370163566062429  -314.1144326690733  1814.1666797903915
3.034454345703125  -8.370163566062429  -314.1144326690733  1814.1666797903915
3.3533287048339844  -8.370163566062429  -314.1144326690733  1814.1666797903915
3.5662519931793213  -8.370163566062429  -314.1144326690733  1814.1666797903915
3.7825679779052734  -8.370163566062429  -314.1144326690733  1814.1666797903915
3.9431028366088867  -8.370163566062429  -314.1144326690733  1814.1666797903915
4.31494140625  -8.370163566062429  -314.1144326690733  1814.1666797903915
