0.0  -10.297029703533255  71.61142337446456  1051.8332423210363
0.05856633186340332  -10.297029703533255  71.61142337446456  1051.8332423210363
0.17503762245178223  -10.297029703533255  71.61142337446456  1051.8332423210363
0.26089906692504883  -10.297029703533255  71.61142337446456  1051.8332423210363
0.43743371963500977  -10.297029703533255  71.61142337446456  1051.8332423210363
0.5610635280609131  -10.297029703533255  71.61142337446456  1051.8332423210363
0.6199550628662109  -10.297029703533255  71.61142337446456  1051.8332423210363
0.8167645931243896  -10.297029703533255  71.61142337446456  1051.8332423210363
0.9118456840515137  -10.297029703533255  71.61142337446456  1051.8332423210363
0.982163667678833  -10.297029703533255  71.61142337446456  1051.8332423210363
1.060039758682251  -10.297029703533255  71.61142337446456  1051.8332423210363
1.112731695175171  -10.297029703533255  71.61142337446456  1051.8332423210363
1.2581160068511963  -10.297029703533255  71.61142337446456  1051.8332423210363
1.5262863636016846  -10.297029703533255  71.61142337446456  1051.8332423210363
1.6153442859649658  -10.297029703533255  71.61142337446456  1051.8332423210363
1.6728675365447998  -10.297029703533255  71.61142337446456  1051.8332423210363
1.9303717613220215  -10.297029703533255  71.61142337446456  1051.8332423210363
2.311877489089966  -10.297029703533255  71.61142337446456  1051.8332423210363
2.373722791671753  -10.297029703533255  71.61142337446456  1051.8332423210363
2.436769723892212  -10.297029703533255  71.61142337446456  1051.8332423210363
2.642713785171509  -10.297029703533255  71.61142337446456  1051.8332423210363
2.7758991718292236  -10.297029703533255  71.61142337446456  1051.8332423210363
2.8487117290496826  -10.297029703533255  71.61142337446456  1051.8332423210363
3.100043773651123  -10.297029703533255  71.61142337446456  1051.8332423210363
3.222217321395874  -10.297029703533255  71.61142337446456  1051.8332423210363
3.3098671436309814  -10.297029703533255  71.61142337446456  1051.8332423210363
3.5210187435150146  -10.297029703533255  71.61142337446456  1051.8332423210363
3.6204135417938232  -10.297029703533255  71.61142337446456  1051.8332423210363
3.756669282913208  -10.297029703533255  71.61142337446456  1051.8332423210363
4.09904146194458  -10.297029703533255  71.61142337446456  1051.8332423210363
4.517759561538696  -10.297029703533255  71.61142337446456  1051.8332423210363
4.579505681991577  -10.297029703533255  71.61142337446456  1051.8332423210363
4.769118070602417  -10.297029703533255  71.61142337446456  1051.8332423210363
5.163022041320801  -10.297029703533255  71.61142337446456  1051.8332423210363
5.460596323013306  -10.297029703533255  71.61142337446456  1051.8332423210363
5.900957822799683  -10.297029703533255  71.61142337446456  1051.8332423210363
6.078907251358032  -10.297029703533255  71.61142337446456  1051.8332423210363
6.1473069190979  -10.297029703533255  71.61142337446456  1051.8332423210363
6.250514268875122  -10.297029703533255  71.61142337446456  1051.8332423210363
6.355956315994263  -10.297029703533255  71.61142337446456  1051.8332423210363
6.41230845451355  -10.297029703533255  71.61142337446456  1051.8332423210363
6.604368448257446  -10.297029703533255  71.61142337446456  1051.8332423210363
6.736138820648193  -10.297029703533255  71.61142337446456  1051.8332423210363
6.815598249435425  -10.297029703533255  71.61142337446456  1051.8332423210363
6.9109742641448975  -10.297029703533255  71.61142337446456  1051.8332423210363
7.050532102584839  -10.297029703533255  71.61142337446456  1051.8332423210363
7.18715500831604  -10.297029703533255  71.61142337446456  1051.8332423210363
7.271193742752075  -10.297029703533255  71.61142337446456  1051.8332423210363
7.407644033432007  -10.297029703533255  71.61142337446456  1051.8332423210363
7.5589001178741455  -10.297029703533255  71.61142337446456  1051.8332423210363
7.614619970321655  -10.297029703533255  71.61142337446456  1051.8332423210363
7.713923215866089  -10.297029703533255  71.61142337446456  1051.8332423210363
7.77503514289856  -10.297029703533255  71.61142337446456  1051.8332423210363
7.9478600025177  -10.297029703533255  71.61142337446456  1051.8332423210363
8.067057847976685  -10.297029703533255  71.61142337446456  1051.8332423210363
8.123707056045532  -10.297029703533255  71.61142337446456  1051.8332423210363
8.275676965713501  -10.297029703533255  71.61142337446456  1051.8332423210363
8.522524118423462  -10.297029703533255  71.61142337446456  1051.8332423210363
8.614815711975098  -10.297029703533255  71.61142337446456  1051.8332423210363
8.696975231170654  -10.297029703533255  71.61142337446456  1051.8332423210363
8.874810934066772  -10.297029703533255  71.61142337446456  1051.8332423210363
9.038295030593872  -10.297029703533255  71.61142337446456  1051.8332423210363
9.114282131195068  -10.297029703533255  71.61142337446456  1051.8332423210363
9.253323316574097  -10.297029703533255  71.61142337446456  1051.8332423210363
9.313161611557007  -10.297029703533255  71.61142337446456  1051.8332423210363
9.428134679794312  -10.297029703533255  71.61142337446456  1051.8332423210363
9.48280143737793  -10.297029703533255  71.61142337446456  1051.8332423210363
9.56027340888977  -10.297029703533255  71.61142337446456  1051.8332423210363
9.664766073226929  -10.297029703533255  71.61142337446456  1051.8332423210363
9.73634648323059  -10.297029703533255  71.61142337446456  1051.8332423210363
9.94448184967041  -10.297029703533255  71.61142337446456  1051.8332423210363
10.115401029586792  -10.297029703533255  71.61142337446456  1051.8332423210363
10.171108961105347  -10.297029703533255  71.61142337446456  1051.8332423210363
10.373484373092651  -10.297029703533255  71.61142337446456  1051.8332423210363
10.458439588546753  -10.297029703533255  71.61142337446456  1051.8332423210363
10.63808798789978  -10.297029703533255  71.61142337446456  1051.8332423210363
10.820892095565796  -10.297029703533255  71.61142337446456  1051.8332423210363
10.879887580871582  -10.297029703533255  71.61142337446456  1051.8332423210363
11.065988779067993  -10.297029703533255  71.61142337446456  1051.8332423210363
11.219147443771362  -10.297029703533255  71.61142337446456  1051.8332423210363
11.271735191345215  -10.297029703533255  71.61142337446456  1051.8332423210363
11.369895696640015  -10.297029703533255  71.61142337446456  1051.8332423210363
11.429420948028564  -10.297029703533255  71.61142337446456  1051.8332423210363
11.60504674911499  -10.297029703533255  71.61142337446456  1051.8332423210363
11.680568218231201  -10.297029703533255  71.61142337446456  1051.8332423210363
12.003071308135986  -10.297029703533255  71.61142337446456  1051.8332423210363
12.124054908752441  -10.297029703533255  71.61142337446456  1051.8332423210363
12.286714553833008  -10.297029703533255  71.61142337446456  1051.8332423210363
12.374072313308716  -10.297029703533255  71.61142337446456  1051.8332423210363
12.461743831634521  -10.297029703533255  71.61142337446456  1051.8332423210363
12.518937349319458  -10.297029703533255  71.61142337446456  1051.8332423210363
12.673282861709595  -10.297029703533255  71.61142337446456  1051.8332423210363
12.763548612594604  -10.297029703533255  71.61142337446456  1051.8332423210363
12.968855619430542  -10.297029703533255  71.61142337446456  1051.8332423210363
13.076316118240356  -10.297029703533255  71.61142337446456  1051.8332423210363
13.159337759017944  -10.297029703533255  71.61142337446456  1051.8332423210363
13.245634317398071  -10.297029703533255  71.61142337446456  1051.8332423210363
13.308704614639282  -10.297029703533255  71.61142337446456  1051.8332423210363
13.416442155838013  -10.297029703533255  71.61142337446456  1051.8332423210363
13.577305555343628  -10.297029703533255  71.61142337446456  1051.8332423210363
