0.02311420440673828  -390.92280597417863  145.4955626063467  829.3051920439638
0.2143704891204834  -390.92280597417863  145.4955626063467  829.3051920439638
0.2994542121887207  -390.92280597417863  145.4955626063467  829.3051920439638
0.6260876655578613  -390.92280597417863  145.4955626063467  829.3051920439638
0.6825292110443115  -390.92280597417863  145.4955626063467  829.3051920439638
0.743659496307373  -390.92280597417863  145.4955626063467  829.3051920439638
0.8979039192199707  -390.92280597417863  145.4955626063467  829.3051920439638
1.0045475959777832  -390.92280597417863  145.4955626063467  829.3051920439638
1.1114542484283447  -390.92280597417863  145.4955626063467  829.3051920439638
1.2556557655334473  -390.92280597417863  145.4955626063467  829.3051920439638
1.3075385093688965  -390.92280597417863  145.4955626063467  829.3051920439638
1.5000131130218506  -390.92280597417863  145.4955626063467  829.3051920439638
1.7493462562561035  -390.92280597417863  145.4955626063467  829.3051920439638
2.152981996536255  -390.92280597417863  145.4955626063467  829.3051920439638
2.2547354698181152  -390.92280597417863  145.4955626063467  829.3051920439638
2.468799352645874  -390.92280597417863  145.4955626063467  829.3051920439638
2.853358268737793  -390.92280597417863  145.4955626063467  829.3051920439638
3.0128955841064453  -390.92280597417863  145.4955626063467  829.3051920439638
3.2834839820861816  -390.92280597417863  145.4955626063467  829.3051920439638
3.5333452224731445  -390.92280597417863  145.4955626063467  829.3051920439638
3.7125449180603027  -390.92280597417863  145.4955626063467  829.3051920439638
3.945966958999634  -390.92280597417863  145.4955626063467  829.3051920439638
4.140936613082886  -390.92280597417863  145.4955626063467  829.3051920439638
4.216362476348877  -390.92280597417863  145.4955626063467  829.3051920439638
4.350680351257324  -390.92280597417863  145.4955626063467  829.3051920439638
4.568838596343994  -390.92280597417863  145.4955626063467  829.3051920439638
4.831615447998047  -390.92280597417863  145.4955626063467  829.3051920439638
5.301336288452148  -390.92280597417863  145.4955626063467  829.3051920439638
5.606814384460449  -390.92280597417863  145.4955626063467  829.3051920439638
5.916256666183472  -390.92280597417863  145.4955626063467  829.3051920439638
6.223515510559082  -390.92280597417863  145.4955626063467  829.3051920439638
6.2893290519714355  -390.92280597417863  145.4955626063467  829.3051920439638
6.360246658325195  -390.92280597417863  145.4955626063467  829.3051920439638
6.470868110656738  -390.92280597417863  145.4955626063467  829.3051920439638
6.657305479049683  -390.92280597417863  145.4955626063467  829.3051920439638
6.716921329498291  -390.92280597417863  145.4955626063467  829.3051920439638
6.804521322250366  -390.92280597417863  145.4955626063467  829.3051920439638
6.947116374969482  -390.92280597417863  145.4955626063467  829.3051920439638
7.034700632095337  -390.92280597417863  145.4955626063467  829.3051920439638
7.09111213684082  -390.92280597417863  145.4955626063467  829.3051920439638
7.157995223999023  -390.92280597417863  145.4955626063467  829.3051920439638
7.410187005996704  -390.92280597417863  145.4955626063467  829.3051920439638
7.465959548950195  -390.92280597417863  145.4955626063467  829.3051920439638
7.5691611766815186  -390.92280597417863  145.4955626063467  829.3051920439638
7.96347713470459  -390.92280597417863  145.4955626063467  829.3051920439638
8.274883031845093  -390.92280597417863  145.4955626063467  829.3051920439638
8.363443851470947  -390.92280597417863  145.4955626063467  829.3051920439638
8.531962633132935  -390.92280597417863  145.4955626063467  829.3051920439638
8.74952220916748  -390.92280597417863  145.4955626063467  829.3051920439638
8.928484678268433  -390.92280597417863  145.4955626063467  829.3051920439638
9.14223051071167  -390.92280597417863  145.4955626063467  829.3051920439638
9.478898048400879  -390.92280597417863  145.4955626063467  829.3051920439638
9.942078351974487  -390.92280597417863  145.4955626063467  829.3051920439638
10.29141092300415  -390.92280597417863  145.4955626063467  829.3051920439638
10.611143827438354  -390.92280597417863  145.4955626063467  829.3051920439638
10.934926748275757  -390.92280597417863  145.4955626063467  829.3051920439638
11.033165454864502  -390.92280597417863  145.4955626063467  829.3051920439638
11.090811014175415  -390.92280597417863  145.4955626063467  829.3051920439638
11.227395057678223  -390.92280597417863  145.4955626063467  829.3051920439638
11.351563453674316  -390.92280597417863  145.4955626063467  829.3051920439638
11.569186210632324  -390.92280597417863  145.4955626063467  829.3051920439638
11.684677362442017  -390.92280597417863  145.4955626063467  829.3051920439638
11.981919765472412  -390.92280597417863  145.4955626063467  829.3051920439638
12.218687772750854  -390.92280597417863  145.4955626063467  829.3051920439638
12.558486461639404  -390.92280597417863  145.4955626063467  829.3051920439638
12.770364761352539  -390.92280597417863  145.4955626063467  829.3051920439638
12.896229267120361  -390.92280597417863  145.4955626063467  829.3051920439638
13.102127075195312  -390.92280597417863  145.4955626063467  829.3051920439638
13.416430711746216  -390.92280597417863  145.4955626063467  829.3051920439638
13.886548042297363  -390.92280597417863  145.4955626063467  829.3051920439638
14.383799076080322  -390.92280597417863  145.4955626063467  829.3051920439638
14.479597568511963  -390.92280597417863  145.4955626063467  829.3051920439638
14.676581859588623  -390.92280597417863  145.4955626063467  829.3051920439638
14.748100757598877  -390.92280597417863  145.4955626063467  829.3051920439638
14.961534976959229  -390.92280597417863  145.4955626063467  829.3051920439638
15.107508420944214  -390.92280597417863  145.4955626063467  829.3051920439638
15.301493644714355  -390.92280597417863  145.4955626063467  829.3051920439638
15.447249412536621  -390.92280597417863  145.4955626063467  829.3051920439638
15.603163957595825  -390.92280597417863  145.4955626063467  829.3051920439638
15.675934314727783  -390.92280597417863  145.4955626063467  829.3051920439638
15.742037057876587  -390.92280597417863  145.4955626063467  829.3051920439638
16.09161686897278  -390.92280597417863  145.4955626063467  829.3051920439638
16.17668628692627  -390.92280597417863  145.4955626063467  829.3051920439638
16.616563081741333  -390.92280597417863  145.4955626063467  829.3051920439638
