0.0  -460.2233670901639  -494.0484590934507  1922.864079977361
0.05856633186340332  -460.2233670901639  -494.0484590934507  1922.864079977361
0.10967278480529785  -460.2233670901639  -494.0484590934507  1922.864079977361
0.26089906692504883  -460.2233670901639  -494.0484590934507  1922.864079977361
0.32355332374572754  -460.2233670901639  -494.0484590934507  1922.864079977361
0.43743371963500977  -460.2233670901639  -494.0484590934507  1922.864079977361
0.5118062496185303  -460.2233670901639  -494.0484590934507  1922.864079977361
0.5870463848114014  -460.2233670901639  -494.0484590934507  1922.864079977361
0.6769049167633057  -460.2233670901639  -494.0484590934507  1922.864079977361
0.8995187282562256  -460.2233670901639  -494.0484590934507  1922.864079977361
0.9531481266021729  -460.2233670901639  -494.0484590934507  1922.864079977361
1.014472246170044  -460.2233670901639  -494.0484590934507  1922.864079977361
1.085845708847046  -460.2233670901639  -494.0484590934507  1922.864079977361
1.156085729598999  -460.2233670901639  -494.0484590934507  1922.864079977361
1.2581160068511963  -460.2233670901639  -494.0484590934507  1922.864079977361
1.3678579330444336  -460.2233670901639  -494.0484590934507  1922.864079977361
1.5768182277679443  -460.2233670901639  -494.0484590934507  1922.864079977361
1.643099069595337  -460.2233670901639  -494.0484590934507  1922.864079977361
1.7112927436828613  -460.2233670901639  -494.0484590934507  1922.864079977361
1.9303717613220215  -460.2233670901639  -494.0484590934507  1922.864079977361
1.9974100589752197  -460.2233670901639  -494.0484590934507  1922.864079977361
2.373722791671753  -460.2233670901639  -494.0484590934507  1922.864079977361
2.436769723892212  -460.2233670901639  -494.0484590934507  1922.864079977361
2.4916577339172363  -460.2233670901639  -494.0484590934507  1922.864079977361
2.668321371078491  -460.2233670901639  -494.0484590934507  1922.864079977361
2.7250895500183105  -460.2233670901639  -494.0484590934507  1922.864079977361
2.7758991718292236  -460.2233670901639  -494.0484590934507  1922.864079977361
2.9173171520233154  -460.2233670901639  -494.0484590934507  1922.864079977361
3.100043773651123  -460.2233670901639  -494.0484590934507  1922.864079977361
3.153360366821289  -460.2233670901639  -494.0484590934507  1922.864079977361
3.222217321395874  -460.2233670901639  -494.0484590934507  1922.864079977361
3.4551539421081543  -460.2233670901639  -494.0484590934507  1922.864079977361
3.5210187435150146  -460.2233670901639  -494.0484590934507  1922.864079977361
3.6204135417938232  -460.2233670901639  -494.0484590934507  1922.864079977361
3.695349931716919  -460.2233670901639  -494.0484590934507  1922.864079977361
3.756669282913208  -460.2233670901639  -494.0484590934507  1922.864079977361
3.832562208175659  -460.2233670901639  -494.0484590934507  1922.864079977361
4.09904146194458  -460.2233670901639  -494.0484590934507  1922.864079977361
4.187525987625122  -460.2233670901639  -494.0484590934507  1922.864079977361
4.579505681991577  -460.2233670901639  -494.0484590934507  1922.864079977361
4.636862754821777  -460.2233670901639  -494.0484590934507  1922.864079977361
4.769118070602417  -460.2233670901639  -494.0484590934507  1922.864079977361
5.163022041320801  -460.2233670901639  -494.0484590934507  1922.864079977361
5.460596323013306  -460.2233670901639  -494.0484590934507  1922.864079977361
5.695105314254761  -460.2233670901639  -494.0484590934507  1922.864079977361
5.900957822799683  -460.2233670901639  -494.0484590934507  1922.864079977361
5.993463039398193  -460.2233670901639  -494.0484590934507  1922.864079977361
6.078907251358032  -460.2233670901639  -494.0484590934507  1922.864079977361
6.1316893100738525  -460.2233670901639  -494.0484590934507  1922.864079977361
6.2153565883636475  -460.2233670901639  -494.0484590934507  1922.864079977361
6.315965414047241  -460.2233670901639  -494.0484590934507  1922.864079977361
6.397332668304443  -460.2233670901639  -494.0484590934507  1922.864079977361
6.544379472732544  -460.2233670901639  -494.0484590934507  1922.864079977361
6.604368448257446  -460.2233670901639  -494.0484590934507  1922.864079977361
6.680006265640259  -460.2233670901639  -494.0484590934507  1922.864079977361
6.736138820648193  -460.2233670901639  -494.0484590934507  1922.864079977361
6.8972487449646  -460.2233670901639  -494.0484590934507  1922.864079977361
6.9769508838653564  -460.2233670901639  -494.0484590934507  1922.864079977361
7.050532102584839  -460.2233670901639  -494.0484590934507  1922.864079977361
7.18715500831604  -460.2233670901639  -494.0484590934507  1922.864079977361
7.244039058685303  -460.2233670901639  -494.0484590934507  1922.864079977361
7.302652597427368  -460.2233670901639  -494.0484590934507  1922.864079977361
7.407644033432007  -460.2233670901639  -494.0484590934507  1922.864079977361
7.49780797958374  -460.2233670901639  -494.0484590934507  1922.864079977361
7.609360456466675  -460.2233670901639  -494.0484590934507  1922.864079977361
7.660914659500122  -460.2233670901639  -494.0484590934507  1922.864079977361
7.713923215866089  -460.2233670901639  -494.0484590934507  1922.864079977361
7.77503514289856  -460.2233670901639  -494.0484590934507  1922.864079977361
7.872091054916382  -460.2233670901639  -494.0484590934507  1922.864079977361
7.9478600025177  -460.2233670901639  -494.0484590934507  1922.864079977361
8.010512590408325  -460.2233670901639  -494.0484590934507  1922.864079977361
8.096397161483765  -460.2233670901639  -494.0484590934507  1922.864079977361
8.148384809494019  -460.2233670901639  -494.0484590934507  1922.864079977361
8.275676965713501  -460.2233670901639  -494.0484590934507  1922.864079977361
8.361593246459961  -460.2233670901639  -494.0484590934507  1922.864079977361
8.589142084121704  -460.2233670901639  -494.0484590934507  1922.864079977361
8.647629976272583  -460.2233670901639  -494.0484590934507  1922.864079977361
8.72676968574524  -460.2233670901639  -494.0484590934507  1922.864079977361
8.90420126914978  -460.2233670901639  -494.0484590934507  1922.864079977361
8.956655979156494  -460.2233670901639  -494.0484590934507  1922.864079977361
9.038295030593872  -460.2233670901639  -494.0484590934507  1922.864079977361
9.114282131195068  -460.2233670901639  -494.0484590934507  1922.864079977361
9.183379888534546  -460.2233670901639  -494.0484590934507  1922.864079977361
9.253323316574097  -460.2233670901639  -494.0484590934507  1922.864079977361
9.313161611557007  -460.2233670901639  -494.0484590934507  1922.864079977361
9.428134679794312  -460.2233670901639  -494.0484590934507  1922.864079977361
9.48280143737793  -460.2233670901639  -494.0484590934507  1922.864079977361
9.53396987915039  -460.2233670901639  -494.0484590934507  1922.864079977361
9.588199853897095  -460.2233670901639  -494.0484590934507  1922.864079977361
9.664766073226929  -460.2233670901639  -494.0484590934507  1922.864079977361
9.73634648323059  -460.2233670901639  -494.0484590934507  1922.864079977361
9.796437501907349  -460.2233670901639  -494.0484590934507  1922.864079977361
9.94448184967041  -460.2233670901639  -494.0484590934507  1922.864079977361
10.00999903678894  -460.2233670901639  -494.0484590934507  1922.864079977361
10.115401029586792  -460.2233670901639  -494.0484590934507  1922.864079977361
10.171108961105347  -460.2233670901639  -494.0484590934507  1922.864079977361
10.373484373092651  -460.2233670901639  -494.0484590934507  1922.864079977361
10.442438125610352  -460.2233670901639  -494.0484590934507  1922.864079977361
10.499473810195923  -460.2233670901639  -494.0484590934507  1922.864079977361
10.653443098068237  -460.2233670901639  -494.0484590934507  1922.864079977361
10.820892095565796  -460.2233670901639  -494.0484590934507  1922.864079977361
10.879887580871582  -460.2233670901639  -494.0484590934507  1922.864079977361
10.956878662109375  -460.2233670901639  -494.0484590934507  1922.864079977361
11.065988779067993  -460.2233670901639  -494.0484590934507  1922.864079977361
11.141885042190552  -460.2233670901639  -494.0484590934507  1922.864079977361
11.22809100151062  -460.2233670901639  -494.0484590934507  1922.864079977361
11.316039562225342  -460.2233670901639  -494.0484590934507  1922.864079977361
11.429420948028564  -460.2233670901639  -494.0484590934507  1922.864079977361
11.498189687728882  -460.2233670901639  -494.0484590934507  1922.864079977361
11.629249572753906  -460.2233670901639  -494.0484590934507  1922.864079977361
11.680568218231201  -460.2233670901639  -494.0484590934507  1922.864079977361
12.030755281448364  -460.2233670901639  -494.0484590934507  1922.864079977361
12.124054908752441  -460.2233670901639  -494.0484590934507  1922.864079977361
12.178521871566772  -460.2233670901639  -494.0484590934507  1922.864079977361
12.286714553833008  -460.2233670901639  -494.0484590934507  1922.864079977361
12.341359853744507  -460.2233670901639  -494.0484590934507  1922.864079977361
12.396562337875366  -460.2233670901639  -494.0484590934507  1922.864079977361
12.461743831634521  -460.2233670901639  -494.0484590934507  1922.864079977361
12.592354536056519  -460.2233670901639  -494.0484590934507  1922.864079977361
12.673282861709595  -460.2233670901639  -494.0484590934507  1922.864079977361
12.800888776779175  -460.2233670901639  -494.0484590934507  1922.864079977361
12.976531744003296  -460.2233670901639  -494.0484590934507  1922.864079977361
13.046612024307251  -460.2233670901639  -494.0484590934507  1922.864079977361
13.154903888702393  -460.2233670901639  -494.0484590934507  1922.864079977361
13.208781957626343  -460.2233670901639  -494.0484590934507  1922.864079977361
13.287105798721313  -460.2233670901639  -494.0484590934507  1922.864079977361
13.382673978805542  -460.2233670901639  -494.0484590934507  1922.864079977361
13.446029424667358  -460.2233670901639  -494.0484590934507  1922.864079977361
