0.0  -1.8336695134840542  170.35751849315594  842.3836511858176
0.05856633186340332  -1.8336695134840542  170.35751849315594  842.3836511858176
0.17503762245178223  -1.8336695134840542  170.35751849315594  842.3836511858176
0.26089906692504883  -1.8336695134840542  170.35751849315594  842.3836511858176
0.43743371963500977  -1.8336695134840542  170.35751849315594  842.3836511858176
0.5610635280609131  -1.8336695134840542  170.35751849315594  842.3836511858176
0.6199550628662109  -1.8336695134840542  170.35751849315594  842.3836511858176
0.8324897289276123  -1.8336695134840542  170.35751849315594  842.3836511858176
0.9226322174072266  -1.8336695134840542  170.35751849315594  842.3836511858176
0.982163667678833  -1.8336695134840542  170.35751849315594  842.3836511858176
1.060039758682251  -1.8336695134840542  170.35751849315594  842.3836511858176
1.112731695175171  -1.8336695134840542  170.35751849315594  842.3836511858176
1.2581160068511963  -1.8336695134840542  170.35751849315594  842.3836511858176
1.5768182277679443  -1.8336695134840542  170.35751849315594  842.3836511858176
1.643099069595337  -1.8336695134840542  170.35751849315594  842.3836511858176
1.9303717613220215  -1.8336695134840542  170.35751849315594  842.3836511858176
2.373722791671753  -1.8336695134840542  170.35751849315594  842.3836511858176
2.436769723892212  -1.8336695134840542  170.35751849315594  842.3836511858176
2.668321371078491  -1.8336695134840542  170.35751849315594  842.3836511858176
2.7758991718292236  -1.8336695134840542  170.35751849315594  842.3836511858176
2.8487117290496826  -1.8336695134840542  170.35751849315594  842.3836511858176
3.100043773651123  -1.8336695134840542  170.35751849315594  842.3836511858176
3.222217321395874  -1.8336695134840542  170.35751849315594  842.3836511858176
3.3098671436309814  -1.8336695134840542  170.35751849315594  842.3836511858176
3.5210187435150146  -1.8336695134840542  170.35751849315594  842.3836511858176
3.6204135417938232  -1.8336695134840542  170.35751849315594  842.3836511858176
3.756669282913208  -1.8336695134840542  170.35751849315594  842.3836511858176
4.09904146194458  -1.8336695134840542  170.35751849315594  842.3836511858176
4.579505681991577  -1.8336695134840542  170.35751849315594  842.3836511858176
4.769118070602417  -1.8336695134840542  170.35751849315594  842.3836511858176
5.163022041320801  -1.8336695134840542  170.35751849315594  842.3836511858176
5.460596323013306  -1.8336695134840542  170.35751849315594  842.3836511858176
5.900957822799683  -1.8336695134840542  170.35751849315594  842.3836511858176
6.078907251358032  -1.8336695134840542  170.35751849315594  842.3836511858176
6.1473069190979  -1.8336695134840542  170.35751849315594  842.3836511858176
6.250514268875122  -1.8336695134840542  170.35751849315594  842.3836511858176
6.355956315994263  -1.8336695134840542  170.35751849315594  842.3836511858176
6.41230845451355  -1.8336695134840542  170.35751849315594  842.3836511858176
6.604368448257446  -1.8336695134840542  170.35751849315594  842.3836511858176
6.736138820648193  -1.8336695134840542  170.35751849315594  842.3836511858176
6.815598249435425  -1.8336695134840542  170.35751849315594  842.3836511858176
6.9109742641448975  -1.8336695134840542  170.35751849315594  842.3836511858176
7.050532102584839  -1.8336695134840542  170.35751849315594  842.3836511858176
7.18715500831604  -1.8336695134840542  170.35751849315594  842.3836511858176
7.271193742752075  -1.8336695134840542  170.35751849315594  842.3836511858176
7.407644033432007  -1.8336695134840542  170.35751849315594  842.3836511858176
7.609360456466675  -1.8336695134840542  170.35751849315594  842.3836511858176
7.660914659500122  -1.8336695134840542  170.35751849315594  842.3836511858176
7.713923215866089  -1.8336695134840542  170.35751849315594  842.3836511858176
7.77503514289856  -1.8336695134840542  170.35751849315594  842.3836511858176
7.9478600025177  -1.8336695134840542  170.35751849315594  842.3836511858176
8.096397161483765  -1.8336695134840542  170.35751849315594  842.3836511858176
8.275676965713501  -1.8336695134840542  170.35751849315594  842.3836511858176
8.553367853164673  -1.8336695134840542  170.35751849315594  842.3836511858176
8.614815711975098  -1.8336695134840542  170.35751849315594  842.3836511858176
8.696975231170654  -1.8336695134840542  170.35751849315594  842.3836511858176
8.874810934066772  -1.8336695134840542  170.35751849315594  842.3836511858176
9.038295030593872  -1.8336695134840542  170.35751849315594  842.3836511858176
9.157286405563354  -1.8336695134840542  170.35751849315594  842.3836511858176
9.253323316574097  -1.8336695134840542  170.35751849315594  842.3836511858176
9.313161611557007  -1.8336695134840542  170.35751849315594  842.3836511858176
9.428134679794312  -1.8336695134840542  170.35751849315594  842.3836511858176
9.48280143737793  -1.8336695134840542  170.35751849315594  842.3836511858176
9.56027340888977  -1.8336695134840542  170.35751849315594  842.3836511858176
9.664766073226929  -1.8336695134840542  170.35751849315594  842.3836511858176
9.73634648323059  -1.8336695134840542  170.35751849315594  842.3836511858176
9.94448184967041  -1.8336695134840542  170.35751849315594  842.3836511858176
10.115401029586792  -1.8336695134840542  170.35751849315594  842.3836511858176
10.171108961105347  -1.8336695134840542  170.35751849315594  842.3836511858176
10.373484373092651  -1.8336695134840542  170.35751849315594  842.3836511858176
10.458439588546753  -1.8336695134840542  170.35751849315594  842.3836511858176
10.63808798789978  -1.8336695134840542  170.35751849315594  842.3836511858176
10.820892095565796  -1.8336695134840542  170.35751849315594  842.3836511858176
10.879887580871582  -1.8336695134840542  170.35751849315594  842.3836511858176
11.065988779067993  -1.8336695134840542  170.35751849315594  842.3836511858176
11.22809100151062  -1.8336695134840542  170.35751849315594  842.3836511858176
11.316039562225342  -1.8336695134840542  170.35751849315594  842.3836511858176
11.369895696640015  -1.8336695134840542  170.35751849315594  842.3836511858176
11.429420948028564  -1.8336695134840542  170.35751849315594  842.3836511858176
11.629249572753906  -1.8336695134840542  170.35751849315594  842.3836511858176
11.680568218231201  -1.8336695134840542  170.35751849315594  842.3836511858176
12.021718978881836  -1.8336695134840542  170.35751849315594  842.3836511858176
12.124054908752441  -1.8336695134840542  170.35751849315594  842.3836511858176
12.286714553833008  -1.8336695134840542  170.35751849315594  842.3836511858176
12.374072313308716  -1.8336695134840542  170.35751849315594  842.3836511858176
12.461743831634521  -1.8336695134840542  170.35751849315594  842.3836511858176
12.518937349319458  -1.8336695134840542  170.35751849315594  842.3836511858176
12.673282861709595  -1.8336695134840542  170.35751849315594  842.3836511858176
12.763548612594604  -1.8336695134840542  170.35751849315594  842.3836511858176
12.976531744003296  -1.8336695134840542  170.35751849315594  842.3836511858176
13.076316118240356  -1.8336695134840542  170.35751849315594  842.3836511858176
13.159337759017944  -1.8336695134840542  170.35751849315594  842.3836511858176
13.245634317398071  -1.8336695134840542  170.35751849315594  842.3836511858176
13.308704614639282  -1.8336695134840542  170.35751849315594  842.3836511858176
13.416442155838013  -1.8336695134840542  170.35751849315594  842.3836511858176
13.577305555343628  -1.8336695134840542  170.35751849315594  842.3836511858176
