0.0  -425.9499180493814  -329.42998403031294  1499.3357023649673
0.0564732551574707  -425.9499180493814  -329.42998403031294  1499.3357023649673
0.15940427780151367  -425.9499180493814  -329.42998403031294  1499.3357023649673
0.23349618911743164  -425.9499180493814  -329.42998403031294  1499.3357023649673
0.3012218475341797  -425.9499180493814  -329.42998403031294  1499.3357023649673
0.351470947265625  -425.9499180493814  -329.42998403031294  1499.3357023649673
0.4100461006164551  -425.9499180493814  -329.42998403031294  1499.3357023649673
0.4665560722351074  -425.9499180493814  -329.42998403031294  1499.3357023649673
0.5219149589538574  -425.9499180493814  -329.42998403031294  1499.3357023649673
0.5874676704406738  -425.9499180493814  -329.42998403031294  1499.3357023649673
0.6563591957092285  -425.9499180493814  -329.42998403031294  1499.3357023649673
0.7094736099243164  -425.9499180493814  -329.42998403031294  1499.3357023649673
0.8010406494140625  -425.9499180493814  -329.42998403031294  1499.3357023649673
0.8537735939025879  -425.9499180493814  -329.42998403031294  1499.3357023649673
0.9313321113586426  -425.9499180493814  -329.42998403031294  1499.3357023649673
1.0046701431274414  -425.9499180493814  -329.42998403031294  1499.3357023649673
1.054945468902588  -425.9499180493814  -329.42998403031294  1499.3357023649673
1.1534042358398438  -425.9499180493814  -329.42998403031294  1499.3357023649673
1.2048099040985107  -425.9499180493814  -329.42998403031294  1499.3357023649673
1.257760763168335  -425.9499180493814  -329.42998403031294  1499.3357023649673
1.3275542259216309  -425.9499180493814  -329.42998403031294  1499.3357023649673
1.3799262046813965  -425.9499180493814  -329.42998403031294  1499.3357023649673
1.4302501678466797  -425.9499180493814  -329.42998403031294  1499.3357023649673
1.4820218086242676  -425.9499180493814  -329.42998403031294  1499.3357023649673
1.560255527496338  -425.9499180493814  -329.42998403031294  1499.3357023649673
1.632734775543213  -425.9499180493814  -329.42998403031294  1499.3357023649673
1.7034616470336914  -425.9499180493814  -329.42998403031294  1499.3357023649673
1.7578024864196777  -425.9499180493814  -329.42998403031294  1499.3357023649673
1.830711841583252  -425.9499180493814  -329.42998403031294  1499.3357023649673
1.902282953262329  -425.9499180493814  -329.42998403031294  1499.3357023649673
1.9601826667785645  -425.9499180493814  -329.42998403031294  1499.3357023649673
2.01231050491333  -425.9499180493814  -329.42998403031294  1499.3357023649673
2.0831243991851807  -425.9499180493814  -329.42998403031294  1499.3357023649673
2.135179042816162  -425.9499180493814  -329.42998403031294  1499.3357023649673
2.18742036819458  -425.9499180493814  -329.42998403031294  1499.3357023649673
2.2406768798828125  -425.9499180493814  -329.42998403031294  1499.3357023649673
2.316091537475586  -425.9499180493814  -329.42998403031294  1499.3357023649673
2.386476516723633  -425.9499180493814  -329.42998403031294  1499.3357023649673
2.456583023071289  -425.9499180493814  -329.42998403031294  1499.3357023649673
2.520078659057617  -425.9499180493814  -329.42998403031294  1499.3357023649673
2.5845935344696045  -425.9499180493814  -329.42998403031294  1499.3357023649673
2.6383056640625  -425.9499180493814  -329.42998403031294  1499.3357023649673
2.7089929580688477  -425.9499180493814  -329.42998403031294  1499.3357023649673
2.802072525024414  -425.9499180493814  -329.42998403031294  1499.3357023649673
2.8628740310668945  -425.9499180493814  -329.42998403031294  1499.3357023649673
2.9560844898223877  -425.9499180493814  -329.42998403031294  1499.3357023649673
3.007260322570801  -425.9499180493814  -329.42998403031294  1499.3357023649673
3.109989643096924  -425.9499180493814  -329.42998403031294  1499.3357023649673
3.1808972358703613  -425.9499180493814  -329.42998403031294  1499.3357023649673
3.231687068939209  -425.9499180493814  -329.42998403031294  1499.3357023649673
3.3080320358276367  -425.9499180493814  -329.42998403031294  1499.3357023649673
3.361814498901367  -425.9499180493814  -329.42998403031294  1499.3357023649673
