0.0  -461.2995490607491  -357.2450057225362  1207.4555296732754
0.052310943603515625  -461.2995490607491  -357.2450057225362  1207.4555296732754
0.16624164581298828  -461.2995490607491  -357.2450057225362  1207.4555296732754
0.255124568939209  -461.2995490607491  -357.2450057225362  1207.4555296732754
0.31706714630126953  -461.2995490607491  -357.2450057225362  1207.4555296732754
0.3796966075897217  -461.2995490607491  -357.2450057225362  1207.4555296732754
0.44486546516418457  -461.2995490607491  -357.2450057225362  1207.4555296732754
0.5691637992858887  -461.2995490607491  -357.2450057225362  1207.4555296732754
0.6245417594909668  -461.2995490607491  -357.2450057225362  1207.4555296732754
0.6778759956359863  -461.2995490607491  -357.2450057225362  1207.4555296732754
0.7359025478363037  -461.2995490607491  -357.2450057225362  1207.4555296732754
0.786034107208252  -461.2995490607491  -357.2450057225362  1207.4555296732754
0.8619513511657715  -461.2995490607491  -357.2450057225362  1207.4555296732754
0.9333488941192627  -461.2995490607491  -357.2450057225362  1207.4555296732754
1.0191254615783691  -461.2995490607491  -357.2450057225362  1207.4555296732754
1.0743560791015625  -461.2995490607491  -357.2450057225362  1207.4555296732754
1.1477711200714111  -461.2995490607491  -357.2450057225362  1207.4555296732754
1.2043542861938477  -461.2995490607491  -357.2450057225362  1207.4555296732754
1.2597510814666748  -461.2995490607491  -357.2450057225362  1207.4555296732754
1.351076602935791  -461.2995490607491  -357.2450057225362  1207.4555296732754
1.4099631309509277  -461.2995490607491  -357.2450057225362  1207.4555296732754
1.4824845790863037  -461.2995490607491  -357.2450057225362  1207.4555296732754
1.5448956489562988  -461.2995490607491  -357.2450057225362  1207.4555296732754
1.5991053581237793  -461.2995490607491  -357.2450057225362  1207.4555296732754
1.6813790798187256  -461.2995490607491  -357.2450057225362  1207.4555296732754
1.757216215133667  -461.2995490607491  -357.2450057225362  1207.4555296732754
1.8078832626342773  -461.2995490607491  -357.2450057225362  1207.4555296732754
1.9346718788146973  -461.2995490607491  -357.2450057225362  1207.4555296732754
1.9903287887573242  -461.2995490607491  -357.2450057225362  1207.4555296732754
2.0599117279052734  -461.2995490607491  -357.2450057225362  1207.4555296732754
2.1456689834594727  -461.2995490607491  -357.2450057225362  1207.4555296732754
2.211268901824951  -461.2995490607491  -357.2450057225362  1207.4555296732754
2.278968334197998  -461.2995490607491  -357.2450057225362  1207.4555296732754
2.333449602127075  -461.2995490607491  -357.2450057225362  1207.4555296732754
2.396139144897461  -461.2995490607491  -357.2450057225362  1207.4555296732754
2.4680042266845703  -461.2995490607491  -357.2450057225362  1207.4555296732754
2.5354623794555664  -461.2995490607491  -357.2450057225362  1207.4555296732754
2.618739604949951  -461.2995490607491  -357.2450057225362  1207.4555296732754
2.6852338314056396  -461.2995490607491  -357.2450057225362  1207.4555296732754
2.7356019020080566  -461.2995490607491  -357.2450057225362  1207.4555296732754
2.841703176498413  -461.2995490607491  -357.2450057225362  1207.4555296732754
2.910825252532959  -461.2995490607491  -357.2450057225362  1207.4555296732754
2.981529712677002  -461.2995490607491  -357.2450057225362  1207.4555296732754
3.0372753143310547  -461.2995490607491  -357.2450057225362  1207.4555296732754
3.088534355163574  -461.2995490607491  -357.2450057225362  1207.4555296732754
3.151284694671631  -461.2995490607491  -357.2450057225362  1207.4555296732754
3.2073137760162354  -461.2995490607491  -357.2450057225362  1207.4555296732754
3.262917995452881  -461.2995490607491  -357.2450057225362  1207.4555296732754
3.313178539276123  -461.2995490607491  -357.2450057225362  1207.4555296732754
3.370342254638672  -461.2995490607491  -357.2450057225362  1207.4555296732754
3.4351603984832764  -461.2995490607491  -357.2450057225362  1207.4555296732754
3.4965991973876953  -461.2995490607491  -357.2450057225362  1207.4555296732754
3.5484871864318848  -461.2995490607491  -357.2450057225362  1207.4555296732754
3.6068363189697266  -461.2995490607491  -357.2450057225362  1207.4555296732754
3.6610052585601807  -461.2995490607491  -357.2450057225362  1207.4555296732754
3.741961717605591  -461.2995490607491  -357.2450057225362  1207.4555296732754
