0.0  -460.2233670901639  -494.0484590934507  1922.864079977361
0.07057666778564453  -460.2233670901639  -494.0484590934507  1922.864079977361
0.26173877716064453  -460.2233670901639  -494.0484590934507  1922.864079977361
0.46376991271972656  -460.2233670901639  -494.0484590934507  1922.864079977361
0.6260876655578613  -460.2233670901639  -494.0484590934507  1922.864079977361
0.6825292110443115  -460.2233670901639  -494.0484590934507  1922.864079977361
0.743659496307373  -460.2233670901639  -494.0484590934507  1922.864079977361
0.8148064613342285  -460.2233670901639  -494.0484590934507  1922.864079977361
0.9518780708312988  -460.2233670901639  -494.0484590934507  1922.864079977361
1.0045475959777832  -460.2233670901639  -494.0484590934507  1922.864079977361
1.0774588584899902  -460.2233670901639  -494.0484590934507  1922.864079977361
1.19716215133667  -460.2233670901639  -494.0484590934507  1922.864079977361
1.2867584228515625  -460.2233670901639  -494.0484590934507  1922.864079977361
1.337587833404541  -460.2233670901639  -494.0484590934507  1922.864079977361
1.5168437957763672  -460.2233670901639  -494.0484590934507  1922.864079977361
1.5673885345458984  -460.2233670901639  -494.0484590934507  1922.864079977361
1.7891521453857422  -460.2233670901639  -494.0484590934507  1922.864079977361
1.8411369323730469  -460.2233670901639  -494.0484590934507  1922.864079977361
2.1655731201171875  -460.2233670901639  -494.0484590934507  1922.864079977361
2.217266082763672  -460.2233670901639  -494.0484590934507  1922.864079977361
2.2967772483825684  -460.2233670901639  -494.0484590934507  1922.864079977361
2.853358268737793  -460.2233670901639  -494.0484590934507  1922.864079977361
2.910886287689209  -460.2233670901639  -494.0484590934507  1922.864079977361
3.214787483215332  -460.2233670901639  -494.0484590934507  1922.864079977361
3.3012571334838867  -460.2233670901639  -494.0484590934507  1922.864079977361
3.3616292476654053  -460.2233670901639  -494.0484590934507  1922.864079977361
3.6714773178100586  -460.2233670901639  -494.0484590934507  1922.864079977361
3.7473955154418945  -460.2233670901639  -494.0484590934507  1922.864079977361
3.945966958999634  -460.2233670901639  -494.0484590934507  1922.864079977361
3.9990968704223633  -460.2233670901639  -494.0484590934507  1922.864079977361
4.194993495941162  -460.2233670901639  -494.0484590934507  1922.864079977361
4.253819465637207  -460.2233670901639  -494.0484590934507  1922.864079977361
4.4884257316589355  -460.2233670901639  -494.0484590934507  1922.864079977361
4.568838596343994  -460.2233670901639  -494.0484590934507  1922.864079977361
4.664742946624756  -460.2233670901639  -494.0484590934507  1922.864079977361
5.172641754150391  -460.2233670901639  -494.0484590934507  1922.864079977361
5.606814384460449  -460.2233670901639  -494.0484590934507  1922.864079977361
5.840696334838867  -460.2233670901639  -494.0484590934507  1922.864079977361
6.138761758804321  -460.2233670901639  -494.0484590934507  1922.864079977361
6.2483625411987305  -460.2233670901639  -494.0484590934507  1922.864079977361
6.337297201156616  -460.2233670901639  -494.0484590934507  1922.864079977361
6.415196418762207  -460.2233670901639  -494.0484590934507  1922.864079977361
6.594441652297974  -460.2233670901639  -494.0484590934507  1922.864079977361
6.69013786315918  -460.2233670901639  -494.0484590934507  1922.864079977361
6.767918586730957  -460.2233670901639  -494.0484590934507  1922.864079977361
6.9120564460754395  -460.2233670901639  -494.0484590934507  1922.864079977361
6.986163854598999  -460.2233670901639  -494.0484590934507  1922.864079977361
7.062320947647095  -460.2233670901639  -494.0484590934507  1922.864079977361
7.157995223999023  -460.2233670901639  -494.0484590934507  1922.864079977361
7.232038974761963  -460.2233670901639  -494.0484590934507  1922.864079977361
7.4370832443237305  -460.2233670901639  -494.0484590934507  1922.864079977361
7.49662184715271  -460.2233670901639  -494.0484590934507  1922.864079977361
7.764723539352417  -460.2233670901639  -494.0484590934507  1922.864079977361
8.195957899093628  -460.2233670901639  -494.0484590934507  1922.864079977361
8.363443851470947  -460.2233670901639  -494.0484590934507  1922.864079977361
8.437321662902832  -460.2233670901639  -494.0484590934507  1922.864079977361
8.531962633132935  -460.2233670901639  -494.0484590934507  1922.864079977361
8.928484678268433  -460.2233670901639  -494.0484590934507  1922.864079977361
9.14223051071167  -460.2233670901639  -494.0484590934507  1922.864079977361
9.209788799285889  -460.2233670901639  -494.0484590934507  1922.864079977361
9.641504764556885  -460.2233670901639  -494.0484590934507  1922.864079977361
10.102354049682617  -460.2233670901639  -494.0484590934507  1922.864079977361
10.431314945220947  -460.2233670901639  -494.0484590934507  1922.864079977361
10.734513282775879  -460.2233670901639  -494.0484590934507  1922.864079977361
11.000901699066162  -460.2233670901639  -494.0484590934507  1922.864079977361
11.090811014175415  -460.2233670901639  -494.0484590934507  1922.864079977361
11.171200513839722  -460.2233670901639  -494.0484590934507  1922.864079977361
11.33463430404663  -460.2233670901639  -494.0484590934507  1922.864079977361
11.391403913497925  -460.2233670901639  -494.0484590934507  1922.864079977361
11.617164134979248  -460.2233670901639  -494.0484590934507  1922.864079977361
11.921754837036133  -460.2233670901639  -494.0484590934507  1922.864079977361
12.098469495773315  -460.2233670901639  -494.0484590934507  1922.864079977361
12.310853481292725  -460.2233670901639  -494.0484590934507  1922.864079977361
12.71071481704712  -460.2233670901639  -494.0484590934507  1922.864079977361
12.896229267120361  -460.2233670901639  -494.0484590934507  1922.864079977361
12.946772336959839  -460.2233670901639  -494.0484590934507  1922.864079977361
13.287793159484863  -460.2233670901639  -494.0484590934507  1922.864079977361
13.707102537155151  -460.2233670901639  -494.0484590934507  1922.864079977361
14.143579959869385  -460.2233670901639  -494.0484590934507  1922.864079977361
14.479597568511963  -460.2233670901639  -494.0484590934507  1922.864079977361
14.535158157348633  -460.2233670901639  -494.0484590934507  1922.864079977361
14.688978672027588  -460.2233670901639  -494.0484590934507  1922.864079977361
14.748100757598877  -460.2233670901639  -494.0484590934507  1922.864079977361
14.927187442779541  -460.2233670901639  -494.0484590934507  1922.864079977361
14.99042797088623  -460.2233670901639  -494.0484590934507  1922.864079977361
15.107508420944214  -460.2233670901639  -494.0484590934507  1922.864079977361
15.158923149108887  -460.2233670901639  -494.0484590934507  1922.864079977361
15.447249412536621  -460.2233670901639  -494.0484590934507  1922.864079977361
15.513054370880127  -460.2233670901639  -494.0484590934507  1922.864079977361
15.655051469802856  -460.2233670901639  -494.0484590934507  1922.864079977361
15.73128056526184  -460.2233670901639  -494.0484590934507  1922.864079977361
15.819880962371826  -460.2233670901639  -494.0484590934507  1922.864079977361
16.153493404388428  -460.2233670901639  -494.0484590934507  1922.864079977361
16.22417974472046  -460.2233670901639  -494.0484590934507  1922.864079977361
16.531468868255615  -460.2233670901639  -494.0484590934507  1922.864079977361
16.616563081741333  -460.2233670901639  -494.0484590934507  1922.864079977361
