0.026778697967529297  -407.18135130798544  -177.53710493701607  1258.0595371060347
0.13398122787475586  -407.18135130798544  -177.53710493701607  1258.0595371060347
0.2402634620666504  -407.18135130798544  -177.53710493701607  1258.0595371060347
0.3039560317993164  -407.18135130798544  -177.53710493701607  1258.0595371060347
0.37119340896606445  -407.18135130798544  -177.53710493701607  1258.0595371060347
0.45120978355407715  -407.18135130798544  -177.53710493701607  1258.0595371060347
0.5315227508544922  -407.18135130798544  -177.53710493701607  1258.0595371060347
0.5818448066711426  -407.18135130798544  -177.53710493701607  1258.0595371060347
0.6353573799133301  -407.18135130798544  -177.53710493701607  1258.0595371060347
0.7067561149597168  -407.18135130798544  -177.53710493701607  1258.0595371060347
0.7673215866088867  -407.18135130798544  -177.53710493701607  1258.0595371060347
0.8251893520355225  -407.18135130798544  -177.53710493701607  1258.0595371060347
0.8826870918273926  -407.18135130798544  -177.53710493701607  1258.0595371060347
0.938835620880127  -407.18135130798544  -177.53710493701607  1258.0595371060347
1.0004291534423828  -407.18135130798544  -177.53710493701607  1258.0595371060347
1.0604279041290283  -407.18135130798544  -177.53710493701607  1258.0595371060347
1.1344883441925049  -407.18135130798544  -177.53710493701607  1258.0595371060347
1.1885735988616943  -407.18135130798544  -177.53710493701607  1258.0595371060347
1.2431094646453857  -407.18135130798544  -177.53710493701607  1258.0595371060347
1.2958788871765137  -407.18135130798544  -177.53710493701607  1258.0595371060347
1.3465855121612549  -407.18135130798544  -177.53710493701607  1258.0595371060347
1.416135311126709  -407.18135130798544  -177.53710493701607  1258.0595371060347
1.482579231262207  -407.18135130798544  -177.53710493701607  1258.0595371060347
1.5473785400390625  -407.18135130798544  -177.53710493701607  1258.0595371060347
1.6085424423217773  -407.18135130798544  -177.53710493701607  1258.0595371060347
1.6931920051574707  -407.18135130798544  -177.53710493701607  1258.0595371060347
1.7518141269683838  -407.18135130798544  -177.53710493701607  1258.0595371060347
1.825089931488037  -407.18135130798544  -177.53710493701607  1258.0595371060347
1.881307601928711  -407.18135130798544  -177.53710493701607  1258.0595371060347
1.976452350616455  -407.18135130798544  -177.53710493701607  1258.0595371060347
2.043307304382324  -407.18135130798544  -177.53710493701607  1258.0595371060347
2.1119842529296875  -407.18135130798544  -177.53710493701607  1258.0595371060347
2.18985652923584  -407.18135130798544  -177.53710493701607  1258.0595371060347
2.2750864028930664  -407.18135130798544  -177.53710493701607  1258.0595371060347
2.335768222808838  -407.18135130798544  -177.53710493701607  1258.0595371060347
2.4073984622955322  -407.18135130798544  -177.53710493701607  1258.0595371060347
2.4806625843048096  -407.18135130798544  -177.53710493701607  1258.0595371060347
2.5515189170837402  -407.18135130798544  -177.53710493701607  1258.0595371060347
2.6157450675964355  -407.18135130798544  -177.53710493701607  1258.0595371060347
2.6850337982177734  -407.18135130798544  -177.53710493701607  1258.0595371060347
2.769874095916748  -407.18135130798544  -177.53710493701607  1258.0595371060347
2.8224079608917236  -407.18135130798544  -177.53710493701607  1258.0595371060347
2.897355079650879  -407.18135130798544  -177.53710493701607  1258.0595371060347
2.9539566040039062  -407.18135130798544  -177.53710493701607  1258.0595371060347
3.012448787689209  -407.18135130798544  -177.53710493701607  1258.0595371060347
3.075754165649414  -407.18135130798544  -177.53710493701607  1258.0595371060347
3.1438002586364746  -407.18135130798544  -177.53710493701607  1258.0595371060347
3.214661121368408  -407.18135130798544  -177.53710493701607  1258.0595371060347
3.2777953147888184  -407.18135130798544  -177.53710493701607  1258.0595371060347
3.3576502799987793  -407.18135130798544  -177.53710493701607  1258.0595371060347
3.4243712425231934  -407.18135130798544  -177.53710493701607  1258.0595371060347
3.4776511192321777  -407.18135130798544  -177.53710493701607  1258.0595371060347
3.5378856658935547  -407.18135130798544  -177.53710493701607  1258.0595371060347
3.600155830383301  -407.18135130798544  -177.53710493701607  1258.0595371060347
3.678342342376709  -407.18135130798544  -177.53710493701607  1258.0595371060347
3.742003917694092  -407.18135130798544  -177.53710493701607  1258.0595371060347
3.7941908836364746  -407.18135130798544  -177.53710493701607  1258.0595371060347
3.879608154296875  -407.18135130798544  -177.53710493701607  1258.0595371060347
3.957463264465332  -407.18135130798544  -177.53710493701607  1258.0595371060347
4.012644529342651  -407.18135130798544  -177.53710493701607  1258.0595371060347
4.077513217926025  -407.18135130798544  -177.53710493701607  1258.0595371060347
4.140564203262329  -407.18135130798544  -177.53710493701607  1258.0595371060347
4.199987411499023  -407.18135130798544  -177.53710493701607  1258.0595371060347
4.25361967086792  -407.18135130798544  -177.53710493701607  1258.0595371060347
4.324377536773682  -407.18135130798544  -177.53710493701607  1258.0595371060347
4.3991312980651855  -407.18135130798544  -177.53710493701607  1258.0595371060347
4.474181175231934  -407.18135130798544  -177.53710493701607  1258.0595371060347
4.542181968688965  -407.18135130798544  -177.53710493701607  1258.0595371060347
4.617506265640259  -407.18135130798544  -177.53710493701607  1258.0595371060347
4.695600986480713  -407.18135130798544  -177.53710493701607  1258.0595371060347
4.760533809661865  -407.18135130798544  -177.53710493701607  1258.0595371060347
4.8110456466674805  -407.18135130798544  -177.53710493701607  1258.0595371060347
4.889419317245483  -407.18135130798544  -177.53710493701607  1258.0595371060347
4.991924285888672  -407.18135130798544  -177.53710493701607  1258.0595371060347
5.042541980743408  -407.18135130798544  -177.53710493701607  1258.0595371060347
5.096869945526123  -407.18135130798544  -177.53710493701607  1258.0595371060347
5.176630973815918  -407.18135130798544  -177.53710493701607  1258.0595371060347
5.231528282165527  -407.18135130798544  -177.53710493701607  1258.0595371060347
5.288592338562012  -407.18135130798544  -177.53710493701607  1258.0595371060347
5.3413403034210205  -407.18135130798544  -177.53710493701607  1258.0595371060347
5.4070563316345215  -407.18135130798544  -177.53710493701607  1258.0595371060347
5.4780426025390625  -407.18135130798544  -177.53710493701607  1258.0595371060347
5.531383037567139  -407.18135130798544  -177.53710493701607  1258.0595371060347
5.636743545532227  -407.18135130798544  -177.53710493701607  1258.0595371060347
5.7086145877838135  -407.18135130798544  -177.53710493701607  1258.0595371060347
