0.0  -420.4588354544788  -166.75846320278032  1365.834111719726
0.0950014591217041  -420.4588354544788  -166.75846320278032  1365.834111719726
0.2844727039337158  -420.4588354544788  -166.75846320278032  1365.834111719726
0.5863585472106934  -420.4588354544788  -166.75846320278032  1365.834111719726
0.6473941802978516  -420.4588354544788  -166.75846320278032  1365.834111719726
0.743659496307373  -420.4588354544788  -166.75846320278032  1365.834111719726
0.8979039192199707  -420.4588354544788  -166.75846320278032  1365.834111719726
0.9518780708312988  -420.4588354544788  -166.75846320278032  1365.834111719726
1.0045475959777832  -420.4588354544788  -166.75846320278032  1365.834111719726
1.1114542484283447  -420.4588354544788  -166.75846320278032  1365.834111719726
1.2556557655334473  -420.4588354544788  -166.75846320278032  1365.834111719726
1.3075385093688965  -420.4588354544788  -166.75846320278032  1365.834111719726
1.3994464874267578  -420.4588354544788  -166.75846320278032  1365.834111719726
1.532759189605713  -420.4588354544788  -166.75846320278032  1365.834111719726
1.7259023189544678  -420.4588354544788  -166.75846320278032  1365.834111719726
1.7891521453857422  -420.4588354544788  -166.75846320278032  1365.834111719726
2.017193555831909  -420.4588354544788  -166.75846320278032  1365.834111719726
2.178900718688965  -420.4588354544788  -166.75846320278032  1365.834111719726
2.2547354698181152  -420.4588354544788  -166.75846320278032  1365.834111719726
2.3652892112731934  -420.4588354544788  -166.75846320278032  1365.834111719726
2.853358268737793  -420.4588354544788  -166.75846320278032  1365.834111719726
2.951507091522217  -420.4588354544788  -166.75846320278032  1365.834111719726
3.2207255363464355  -420.4588354544788  -166.75846320278032  1365.834111719726
3.3012571334838867  -420.4588354544788  -166.75846320278032  1365.834111719726
3.460198402404785  -420.4588354544788  -166.75846320278032  1365.834111719726
3.6714773178100586  -420.4588354544788  -166.75846320278032  1365.834111719726
3.945966958999634  -420.4588354544788  -166.75846320278032  1365.834111719726
4.0663535594940186  -420.4588354544788  -166.75846320278032  1365.834111719726
4.204578876495361  -420.4588354544788  -166.75846320278032  1365.834111719726
4.29772424697876  -420.4588354544788  -166.75846320278032  1365.834111719726
4.568838596343994  -420.4588354544788  -166.75846320278032  1365.834111719726
4.763157844543457  -420.4588354544788  -166.75846320278032  1365.834111719726
5.172641754150391  -420.4588354544788  -166.75846320278032  1365.834111719726
5.606814384460449  -420.4588354544788  -166.75846320278032  1365.834111719726
5.848160266876221  -420.4588354544788  -166.75846320278032  1365.834111719726
6.223515510559082  -420.4588354544788  -166.75846320278032  1365.834111719726
6.2893290519714355  -420.4588354544788  -166.75846320278032  1365.834111719726
6.360246658325195  -420.4588354544788  -166.75846320278032  1365.834111719726
6.440340042114258  -420.4588354544788  -166.75846320278032  1365.834111719726
6.657305479049683  -420.4588354544788  -166.75846320278032  1365.834111719726
6.716921329498291  -420.4588354544788  -166.75846320278032  1365.834111719726
6.804521322250366  -420.4588354544788  -166.75846320278032  1365.834111719726
6.9120564460754395  -420.4588354544788  -166.75846320278032  1365.834111719726
6.986163854598999  -420.4588354544788  -166.75846320278032  1365.834111719726
7.062320947647095  -420.4588354544788  -166.75846320278032  1365.834111719726
7.157995223999023  -420.4588354544788  -166.75846320278032  1365.834111719726
7.3092193603515625  -420.4588354544788  -166.75846320278032  1365.834111719726
7.4370832443237305  -420.4588354544788  -166.75846320278032  1365.834111719726
7.531204462051392  -420.4588354544788  -166.75846320278032  1365.834111719726
7.8402910232543945  -420.4588354544788  -166.75846320278032  1365.834111719726
8.195957899093628  -420.4588354544788  -166.75846320278032  1365.834111719726
8.363443851470947  -420.4588354544788  -166.75846320278032  1365.834111719726
8.488233089447021  -420.4588354544788  -166.75846320278032  1365.834111719726
8.691312313079834  -420.4588354544788  -166.75846320278032  1365.834111719726
8.928484678268433  -420.4588354544788  -166.75846320278032  1365.834111719726
9.14223051071167  -420.4588354544788  -166.75846320278032  1365.834111719726
9.3440260887146  -420.4588354544788  -166.75846320278032  1365.834111719726
9.76044511795044  -420.4588354544788  -166.75846320278032  1365.834111719726
10.187065839767456  -420.4588354544788  -166.75846320278032  1365.834111719726
10.481305599212646  -420.4588354544788  -166.75846320278032  1365.834111719726
10.848732948303223  -420.4588354544788  -166.75846320278032  1365.834111719726
11.000901699066162  -420.4588354544788  -166.75846320278032  1365.834111719726
11.090811014175415  -420.4588354544788  -166.75846320278032  1365.834111719726
11.181750297546387  -420.4588354544788  -166.75846320278032  1365.834111719726
11.351563453674316  -420.4588354544788  -166.75846320278032  1365.834111719726
11.533926248550415  -420.4588354544788  -166.75846320278032  1365.834111719726
11.64320993423462  -420.4588354544788  -166.75846320278032  1365.834111719726
11.981919765472412  -420.4588354544788  -166.75846320278032  1365.834111719726
12.152492046356201  -420.4588354544788  -166.75846320278032  1365.834111719726
12.352290391921997  -420.4588354544788  -166.75846320278032  1365.834111719726
12.770364761352539  -420.4588354544788  -166.75846320278032  1365.834111719726
12.896229267120361  -420.4588354544788  -166.75846320278032  1365.834111719726
13.01010513305664  -420.4588354544788  -166.75846320278032  1365.834111719726
13.350229740142822  -420.4588354544788  -166.75846320278032  1365.834111719726
13.824153900146484  -420.4588354544788  -166.75846320278032  1365.834111719726
14.208475828170776  -420.4588354544788  -166.75846320278032  1365.834111719726
14.479597568511963  -420.4588354544788  -166.75846320278032  1365.834111719726
14.6374032497406  -420.4588354544788  -166.75846320278032  1365.834111719726
14.688978672027588  -420.4588354544788  -166.75846320278032  1365.834111719726
14.748100757598877  -420.4588354544788  -166.75846320278032  1365.834111719726
14.955075740814209  -420.4588354544788  -166.75846320278032  1365.834111719726
15.107508420944214  -420.4588354544788  -166.75846320278032  1365.834111719726
15.26848840713501  -420.4588354544788  -166.75846320278032  1365.834111719726
15.447249412536621  -420.4588354544788  -166.75846320278032  1365.834111719726
15.572178363800049  -420.4588354544788  -166.75846320278032  1365.834111719726
15.655051469802856  -420.4588354544788  -166.75846320278032  1365.834111719726
15.742037057876587  -420.4588354544788  -166.75846320278032  1365.834111719726
15.999846458435059  -420.4588354544788  -166.75846320278032  1365.834111719726
16.17668628692627  -420.4588354544788  -166.75846320278032  1365.834111719726
16.356534004211426  -420.4588354544788  -166.75846320278032  1365.834111719726
16.616563081741333  -420.4588354544788  -166.75846320278032  1365.834111719726
