0.0  -398.7216280927704  45.91582419953328  995.3207533841681
0.05856633186340332  -398.7216280927704  45.91582419953328  995.3207533841681
0.1414506435394287  -398.7216280927704  45.91582419953328  995.3207533841681
0.26089906692504883  -398.7216280927704  45.91582419953328  995.3207533841681
0.40879321098327637  -398.7216280927704  45.91582419953328  995.3207533841681
0.4593040943145752  -398.7216280927704  45.91582419953328  995.3207533841681
0.5610635280609131  -398.7216280927704  45.91582419953328  995.3207533841681
0.6199550628662109  -398.7216280927704  45.91582419953328  995.3207533841681
0.8167645931243896  -398.7216280927704  45.91582419953328  995.3207533841681
0.8995187282562256  -398.7216280927704  45.91582419953328  995.3207533841681
0.9531481266021729  -398.7216280927704  45.91582419953328  995.3207533841681
1.014472246170044  -398.7216280927704  45.91582419953328  995.3207533841681
1.112731695175171  -398.7216280927704  45.91582419953328  995.3207533841681
1.2488439083099365  -398.7216280927704  45.91582419953328  995.3207533841681
1.304687738418579  -398.7216280927704  45.91582419953328  995.3207533841681
1.4928219318389893  -398.7216280927704  45.91582419953328  995.3207533841681
1.6153442859649658  -398.7216280927704  45.91582419953328  995.3207533841681
1.6728675365447998  -398.7216280927704  45.91582419953328  995.3207533841681
1.7930777072906494  -398.7216280927704  45.91582419953328  995.3207533841681
1.9303717613220215  -398.7216280927704  45.91582419953328  995.3207533841681
2.1511828899383545  -398.7216280927704  45.91582419953328  995.3207533841681
2.373722791671753  -398.7216280927704  45.91582419953328  995.3207533841681
2.436769723892212  -398.7216280927704  45.91582419953328  995.3207533841681
2.642713785171509  -398.7216280927704  45.91582419953328  995.3207533841681
2.7758991718292236  -398.7216280927704  45.91582419953328  995.3207533841681
2.828727960586548  -398.7216280927704  45.91582419953328  995.3207533841681
2.955984115600586  -398.7216280927704  45.91582419953328  995.3207533841681
3.100043773651123  -398.7216280927704  45.91582419953328  995.3207533841681
3.222217321395874  -398.7216280927704  45.91582419953328  995.3207533841681
3.3098671436309814  -398.7216280927704  45.91582419953328  995.3207533841681
3.5210187435150146  -398.7216280927704  45.91582419953328  995.3207533841681
3.6204135417938232  -398.7216280927704  45.91582419953328  995.3207533841681
3.695349931716919  -398.7216280927704  45.91582419953328  995.3207533841681
3.756669282913208  -398.7216280927704  45.91582419953328  995.3207533841681
3.929999828338623  -398.7216280927704  45.91582419953328  995.3207533841681
4.09904146194458  -398.7216280927704  45.91582419953328  995.3207533841681
4.258866548538208  -398.7216280927704  45.91582419953328  995.3207533841681
4.579505681991577  -398.7216280927704  45.91582419953328  995.3207533841681
4.769118070602417  -398.7216280927704  45.91582419953328  995.3207533841681
4.940324544906616  -398.7216280927704  45.91582419953328  995.3207533841681
5.253778696060181  -398.7216280927704  45.91582419953328  995.3207533841681
5.460596323013306  -398.7216280927704  45.91582419953328  995.3207533841681
5.768016815185547  -398.7216280927704  45.91582419953328  995.3207533841681
5.911296129226685  -398.7216280927704  45.91582419953328  995.3207533841681
6.021912574768066  -398.7216280927704  45.91582419953328  995.3207533841681
6.078907251358032  -398.7216280927704  45.91582419953328  995.3207533841681
6.1473069190979  -398.7216280927704  45.91582419953328  995.3207533841681
6.2153565883636475  -398.7216280927704  45.91582419953328  995.3207533841681
6.315965414047241  -398.7216280927704  45.91582419953328  995.3207533841681
6.397332668304443  -398.7216280927704  45.91582419953328  995.3207533841681
6.5544445514678955  -398.7216280927704  45.91582419953328  995.3207533841681
6.622239112854004  -398.7216280927704  45.91582419953328  995.3207533841681
6.708392858505249  -398.7216280927704  45.91582419953328  995.3207533841681
6.7670557498931885  -398.7216280927704  45.91582419953328  995.3207533841681
6.9109742641448975  -398.7216280927704  45.91582419953328  995.3207533841681
7.020502805709839  -398.7216280927704  45.91582419953328  995.3207533841681
7.12345290184021  -398.7216280927704  45.91582419953328  995.3207533841681
7.18715500831604  -398.7216280927704  45.91582419953328  995.3207533841681
7.244039058685303  -398.7216280927704  45.91582419953328  995.3207533841681
7.3575146198272705  -398.7216280927704  45.91582419953328  995.3207533841681
7.407644033432007  -398.7216280927704  45.91582419953328  995.3207533841681
7.5297768115997314  -398.7216280927704  45.91582419953328  995.3207533841681
7.614619970321655  -398.7216280927704  45.91582419953328  995.3207533841681
7.713923215866089  -398.7216280927704  45.91582419953328  995.3207533841681
7.77503514289856  -398.7216280927704  45.91582419953328  995.3207533841681
7.872091054916382  -398.7216280927704  45.91582419953328  995.3207533841681
7.9478600025177  -398.7216280927704  45.91582419953328  995.3207533841681
8.067057847976685  -398.7216280927704  45.91582419953328  995.3207533841681
8.123707056045532  -398.7216280927704  45.91582419953328  995.3207533841681
8.176861047744751  -398.7216280927704  45.91582419953328  995.3207533841681
8.275676965713501  -398.7216280927704  45.91582419953328  995.3207533841681
8.458220720291138  -398.7216280927704  45.91582419953328  995.3207533841681
8.600678443908691  -398.7216280927704  45.91582419953328  995.3207533841681
8.696975231170654  -398.7216280927704  45.91582419953328  995.3207533841681
8.858267068862915  -398.7216280927704  45.91582419953328  995.3207533841681
8.91932988166809  -398.7216280927704  45.91582419953328  995.3207533841681
9.080799341201782  -398.7216280927704  45.91582419953328  995.3207533841681
9.157286405563354  -398.7216280927704  45.91582419953328  995.3207533841681
9.253323316574097  -398.7216280927704  45.91582419953328  995.3207533841681
9.313161611557007  -398.7216280927704  45.91582419953328  995.3207533841681
9.428134679794312  -398.7216280927704  45.91582419953328  995.3207533841681
9.48280143737793  -398.7216280927704  45.91582419953328  995.3207533841681
9.56027340888977  -398.7216280927704  45.91582419953328  995.3207533841681
9.636247158050537  -398.7216280927704  45.91582419953328  995.3207533841681
9.73634648323059  -398.7216280927704  45.91582419953328  995.3207533841681
9.81659746170044  -398.7216280927704  45.91582419953328  995.3207533841681
9.94448184967041  -398.7216280927704  45.91582419953328  995.3207533841681
10.109154224395752  -398.7216280927704  45.91582419953328  995.3207533841681
10.171108961105347  -398.7216280927704  45.91582419953328  995.3207533841681
10.373484373092651  -398.7216280927704  45.91582419953328  995.3207533841681
10.442438125610352  -398.7216280927704  45.91582419953328  995.3207533841681
10.570575475692749  -398.7216280927704  45.91582419953328  995.3207533841681
10.657994985580444  -398.7216280927704  45.91582419953328  995.3207533841681
10.838132381439209  -398.7216280927704  45.91582419953328  995.3207533841681
10.919793367385864  -398.7216280927704  45.91582419953328  995.3207533841681
11.019554376602173  -398.7216280927704  45.91582419953328  995.3207533841681
11.102363348007202  -398.7216280927704  45.91582419953328  995.3207533841681
11.184288740158081  -398.7216280927704  45.91582419953328  995.3207533841681
11.236787796020508  -398.7216280927704  45.91582419953328  995.3207533841681
11.316039562225342  -398.7216280927704  45.91582419953328  995.3207533841681
11.429420948028564  -398.7216280927704  45.91582419953328  995.3207533841681
11.579370260238647  -398.7216280927704  45.91582419953328  995.3207533841681
11.680568218231201  -398.7216280927704  45.91582419953328  995.3207533841681
11.909044742584229  -398.7216280927704  45.91582419953328  995.3207533841681
12.049854040145874  -398.7216280927704  45.91582419953328  995.3207533841681
12.124054908752441  -398.7216280927704  45.91582419953328  995.3207533841681
12.215288639068604  -398.7216280927704  45.91582419953328  995.3207533841681
12.297641515731812  -398.7216280927704  45.91582419953328  995.3207533841681
12.374072313308716  -398.7216280927704  45.91582419953328  995.3207533841681
12.442927122116089  -398.7216280927704  45.91582419953328  995.3207533841681
12.518937349319458  -398.7216280927704  45.91582419953328  995.3207533841681
12.673282861709595  -398.7216280927704  45.91582419953328  995.3207533841681
12.763548612594604  -398.7216280927704  45.91582419953328  995.3207533841681
12.85433030128479  -398.7216280927704  45.91582419953328  995.3207533841681
12.976531744003296  -398.7216280927704  45.91582419953328  995.3207533841681
13.046612024307251  -398.7216280927704  45.91582419953328  995.3207533841681
13.159337759017944  -398.7216280927704  45.91582419953328  995.3207533841681
13.245634317398071  -398.7216280927704  45.91582419953328  995.3207533841681
13.308704614639282  -398.7216280927704  45.91582419953328  995.3207533841681
13.416442155838013  -398.7216280927704  45.91582419953328  995.3207533841681
13.478628873825073  -398.7216280927704  45.91582419953328  995.3207533841681
