0.0  -543.0418514267215  -42.735948700527516  1210.3585255359612
0.07339715957641602  -543.0418514267215  -42.735948700527516  1210.3585255359612
0.20772266387939453  -543.0418514267215  -42.735948700527516  1210.3585255359612
0.3099045753479004  -543.0418514267215  -42.735948700527516  1210.3585255359612
0.3879380226135254  -543.0418514267215  -42.735948700527516  1210.3585255359612
0.6130380630493164  -543.0418514267215  -42.735948700527516  1210.3585255359612
0.6936709880828857  -543.0418514267215  -42.735948700527516  1210.3585255359612
0.9654598236083984  -543.0418514267215  -42.735948700527516  1210.3585255359612
1.0196890830993652  -543.0418514267215  -42.735948700527516  1210.3585255359612
1.127568244934082  -543.0418514267215  -42.735948700527516  1210.3585255359612
1.3808491230010986  -543.0418514267215  -42.735948700527516  1210.3585255359612
1.6356136798858643  -543.0418514267215  -42.735948700527516  1210.3585255359612
1.723473072052002  -543.0418514267215  -42.735948700527516  1210.3585255359612
1.9169025421142578  -543.0418514267215  -42.735948700527516  1210.3585255359612
1.9825339317321777  -543.0418514267215  -42.735948700527516  1210.3585255359612
2.2414815425872803  -543.0418514267215  -42.735948700527516  1210.3585255359612
2.3055248260498047  -543.0418514267215  -42.735948700527516  1210.3585255359612
2.587282419204712  -543.0418514267215  -42.735948700527516  1210.3585255359612
2.6889758110046387  -543.0418514267215  -42.735948700527516  1210.3585255359612
2.7414474487304688  -543.0418514267215  -42.735948700527516  1210.3585255359612
2.9758877754211426  -543.0418514267215  -42.735948700527516  1210.3585255359612
3.22531795501709  -543.0418514267215  -42.735948700527516  1210.3585255359612
3.5662519931793213  -543.0418514267215  -42.735948700527516  1210.3585255359612
3.682744026184082  -543.0418514267215  -42.735948700527516  1210.3585255359612
3.89701509475708  -543.0418514267215  -42.735948700527516  1210.3585255359612
4.260975360870361  -543.0418514267215  -42.735948700527516  1210.3585255359612
4.31494140625  -543.0418514267215  -42.735948700527516  1210.3585255359612
