0.0  -420.4588354544788  -166.75846320278032  1365.834111719726
0.05856633186340332  -420.4588354544788  -166.75846320278032  1365.834111719726
0.10967278480529785  -420.4588354544788  -166.75846320278032  1365.834111719726
0.26089906692504883  -420.4588354544788  -166.75846320278032  1365.834111719726
0.40879321098327637  -420.4588354544788  -166.75846320278032  1365.834111719726
0.4593040943145752  -420.4588354544788  -166.75846320278032  1365.834111719726
0.5610635280609131  -420.4588354544788  -166.75846320278032  1365.834111719726
0.6199550628662109  -420.4588354544788  -166.75846320278032  1365.834111719726
0.7111554145812988  -420.4588354544788  -166.75846320278032  1365.834111719726
0.8995187282562256  -420.4588354544788  -166.75846320278032  1365.834111719726
0.9531481266021729  -420.4588354544788  -166.75846320278032  1365.834111719726
1.014472246170044  -420.4588354544788  -166.75846320278032  1365.834111719726
1.112731695175171  -420.4588354544788  -166.75846320278032  1365.834111719726
1.2488439083099365  -420.4588354544788  -166.75846320278032  1365.834111719726
1.304687738418579  -420.4588354544788  -166.75846320278032  1365.834111719726
1.4928219318389893  -420.4588354544788  -166.75846320278032  1365.834111719726
1.6153442859649658  -420.4588354544788  -166.75846320278032  1365.834111719726
1.6728675365447998  -420.4588354544788  -166.75846320278032  1365.834111719726
1.7688872814178467  -420.4588354544788  -166.75846320278032  1365.834111719726
1.9303717613220215  -420.4588354544788  -166.75846320278032  1365.834111719726
2.103929281234741  -420.4588354544788  -166.75846320278032  1365.834111719726
2.373722791671753  -420.4588354544788  -166.75846320278032  1365.834111719726
2.436769723892212  -420.4588354544788  -166.75846320278032  1365.834111719726
2.5930776596069336  -420.4588354544788  -166.75846320278032  1365.834111719726
2.668321371078491  -420.4588354544788  -166.75846320278032  1365.834111719726
2.7758991718292236  -420.4588354544788  -166.75846320278032  1365.834111719726
2.828727960586548  -420.4588354544788  -166.75846320278032  1365.834111719726
2.955984115600586  -420.4588354544788  -166.75846320278032  1365.834111719726
3.100043773651123  -420.4588354544788  -166.75846320278032  1365.834111719726
3.222217321395874  -420.4588354544788  -166.75846320278032  1365.834111719726
3.3098671436309814  -420.4588354544788  -166.75846320278032  1365.834111719726
3.4934592247009277  -420.4588354544788  -166.75846320278032  1365.834111719726
3.6204135417938232  -420.4588354544788  -166.75846320278032  1365.834111719726
3.695349931716919  -420.4588354544788  -166.75846320278032  1365.834111719726
3.756669282913208  -420.4588354544788  -166.75846320278032  1365.834111719726
3.8616528511047363  -420.4588354544788  -166.75846320278032  1365.834111719726
4.09904146194458  -420.4588354544788  -166.75846320278032  1365.834111719726
4.258866548538208  -420.4588354544788  -166.75846320278032  1365.834111719726
4.579505681991577  -420.4588354544788  -166.75846320278032  1365.834111719726
4.769118070602417  -420.4588354544788  -166.75846320278032  1365.834111719726
4.85155987739563  -420.4588354544788  -166.75846320278032  1365.834111719726
5.253778696060181  -420.4588354544788  -166.75846320278032  1365.834111719726
5.460596323013306  -420.4588354544788  -166.75846320278032  1365.834111719726
5.737032651901245  -420.4588354544788  -166.75846320278032  1365.834111719726
5.900957822799683  -420.4588354544788  -166.75846320278032  1365.834111719726
6.021912574768066  -420.4588354544788  -166.75846320278032  1365.834111719726
6.078907251358032  -420.4588354544788  -166.75846320278032  1365.834111719726
6.1473069190979  -420.4588354544788  -166.75846320278032  1365.834111719726
6.2153565883636475  -420.4588354544788  -166.75846320278032  1365.834111719726
6.315965414047241  -420.4588354544788  -166.75846320278032  1365.834111719726
6.397332668304443  -420.4588354544788  -166.75846320278032  1365.834111719726
6.5544445514678955  -420.4588354544788  -166.75846320278032  1365.834111719726
6.622239112854004  -420.4588354544788  -166.75846320278032  1365.834111719726
6.708392858505249  -420.4588354544788  -166.75846320278032  1365.834111719726
6.7670557498931885  -420.4588354544788  -166.75846320278032  1365.834111719726
6.9109742641448975  -420.4588354544788  -166.75846320278032  1365.834111719726
6.9968483448028564  -420.4588354544788  -166.75846320278032  1365.834111719726
7.12345290184021  -420.4588354544788  -166.75846320278032  1365.834111719726
7.18715500831604  -420.4588354544788  -166.75846320278032  1365.834111719726
7.244039058685303  -420.4588354544788  -166.75846320278032  1365.834111719726
7.3575146198272705  -420.4588354544788  -166.75846320278032  1365.834111719726
7.407644033432007  -420.4588354544788  -166.75846320278032  1365.834111719726
7.5297768115997314  -420.4588354544788  -166.75846320278032  1365.834111719726
7.614619970321655  -420.4588354544788  -166.75846320278032  1365.834111719726
7.713923215866089  -420.4588354544788  -166.75846320278032  1365.834111719726
7.77503514289856  -420.4588354544788  -166.75846320278032  1365.834111719726
7.872091054916382  -420.4588354544788  -166.75846320278032  1365.834111719726
7.9478600025177  -420.4588354544788  -166.75846320278032  1365.834111719726
8.010512590408325  -420.4588354544788  -166.75846320278032  1365.834111719726
8.096397161483765  -420.4588354544788  -166.75846320278032  1365.834111719726
8.176861047744751  -420.4588354544788  -166.75846320278032  1365.834111719726
8.275676965713501  -420.4588354544788  -166.75846320278032  1365.834111719726
8.458220720291138  -420.4588354544788  -166.75846320278032  1365.834111719726
8.589142084121704  -420.4588354544788  -166.75846320278032  1365.834111719726
8.696975231170654  -420.4588354544788  -166.75846320278032  1365.834111719726
8.831457138061523  -420.4588354544788  -166.75846320278032  1365.834111719726
8.91932988166809  -420.4588354544788  -166.75846320278032  1365.834111719726
9.080799341201782  -420.4588354544788  -166.75846320278032  1365.834111719726
9.157286405563354  -420.4588354544788  -166.75846320278032  1365.834111719726
9.212094068527222  -420.4588354544788  -166.75846320278032  1365.834111719726
9.313161611557007  -420.4588354544788  -166.75846320278032  1365.834111719726
9.428134679794312  -420.4588354544788  -166.75846320278032  1365.834111719726
9.48280143737793  -420.4588354544788  -166.75846320278032  1365.834111719726
9.56027340888977  -420.4588354544788  -166.75846320278032  1365.834111719726
9.636247158050537  -420.4588354544788  -166.75846320278032  1365.834111719726
9.73634648323059  -420.4588354544788  -166.75846320278032  1365.834111719726
9.796437501907349  -420.4588354544788  -166.75846320278032  1365.834111719726
9.94448184967041  -420.4588354544788  -166.75846320278032  1365.834111719726
10.095428228378296  -420.4588354544788  -166.75846320278032  1365.834111719726
10.160342931747437  -420.4588354544788  -166.75846320278032  1365.834111719726
10.210775375366211  -420.4588354544788  -166.75846320278032  1365.834111719726
10.373484373092651  -420.4588354544788  -166.75846320278032  1365.834111719726
10.442438125610352  -420.4588354544788  -166.75846320278032  1365.834111719726
10.562235593795776  -420.4588354544788  -166.75846320278032  1365.834111719726
10.657994985580444  -420.4588354544788  -166.75846320278032  1365.834111719726
10.838132381439209  -420.4588354544788  -166.75846320278032  1365.834111719726
10.919793367385864  -420.4588354544788  -166.75846320278032  1365.834111719726
11.019554376602173  -420.4588354544788  -166.75846320278032  1365.834111719726
11.102363348007202  -420.4588354544788  -166.75846320278032  1365.834111719726
11.184288740158081  -420.4588354544788  -166.75846320278032  1365.834111719726
11.236787796020508  -420.4588354544788  -166.75846320278032  1365.834111719726
11.316039562225342  -420.4588354544788  -166.75846320278032  1365.834111719726
11.429420948028564  -420.4588354544788  -166.75846320278032  1365.834111719726
11.536882638931274  -420.4588354544788  -166.75846320278032  1365.834111719726
11.680568218231201  -420.4588354544788  -166.75846320278032  1365.834111719726
11.909044742584229  -420.4588354544788  -166.75846320278032  1365.834111719726
12.030755281448364  -420.4588354544788  -166.75846320278032  1365.834111719726
12.124054908752441  -420.4588354544788  -166.75846320278032  1365.834111719726
12.196297407150269  -420.4588354544788  -166.75846320278032  1365.834111719726
12.297641515731812  -420.4588354544788  -166.75846320278032  1365.834111719726
12.374072313308716  -420.4588354544788  -166.75846320278032  1365.834111719726
12.442927122116089  -420.4588354544788  -166.75846320278032  1365.834111719726
12.518937349319458  -420.4588354544788  -166.75846320278032  1365.834111719726
12.653793334960938  -420.4588354544788  -166.75846320278032  1365.834111719726
12.763548612594604  -420.4588354544788  -166.75846320278032  1365.834111719726
12.85433030128479  -420.4588354544788  -166.75846320278032  1365.834111719726
12.976531744003296  -420.4588354544788  -166.75846320278032  1365.834111719726
13.046612024307251  -420.4588354544788  -166.75846320278032  1365.834111719726
13.159337759017944  -420.4588354544788  -166.75846320278032  1365.834111719726
13.245634317398071  -420.4588354544788  -166.75846320278032  1365.834111719726
13.308704614639282  -420.4588354544788  -166.75846320278032  1365.834111719726
13.416442155838013  -420.4588354544788  -166.75846320278032  1365.834111719726
13.478628873825073  -420.4588354544788  -166.75846320278032  1365.834111719726
