0.0  -432.83571913219504  -373.94781911177085  1690.6767035391417
0.0950014591217041  -432.83571913219504  -373.94781911177085  1690.6767035391417
0.26173877716064453  -432.83571913219504  -373.94781911177085  1690.6767035391417
0.5093646049499512  -432.83571913219504  -373.94781911177085  1690.6767035391417
0.6260876655578613  -432.83571913219504  -373.94781911177085  1690.6767035391417
0.6825292110443115  -432.83571913219504  -373.94781911177085  1690.6767035391417
0.743659496307373  -432.83571913219504  -373.94781911177085  1690.6767035391417
0.8148064613342285  -432.83571913219504  -373.94781911177085  1690.6767035391417
0.9518780708312988  -432.83571913219504  -373.94781911177085  1690.6767035391417
1.0045475959777832  -432.83571913219504  -373.94781911177085  1690.6767035391417
1.1114542484283447  -432.83571913219504  -373.94781911177085  1690.6767035391417
1.19716215133667  -432.83571913219504  -373.94781911177085  1690.6767035391417
1.3075385093688965  -432.83571913219504  -373.94781911177085  1690.6767035391417
1.3751342296600342  -432.83571913219504  -373.94781911177085  1690.6767035391417
1.532759189605713  -432.83571913219504  -373.94781911177085  1690.6767035391417
1.6634907722473145  -432.83571913219504  -373.94781911177085  1690.6767035391417
1.7891521453857422  -432.83571913219504  -373.94781911177085  1690.6767035391417
1.8724091053009033  -432.83571913219504  -373.94781911177085  1690.6767035391417
2.1684975624084473  -432.83571913219504  -373.94781911177085  1690.6767035391417
2.2547354698181152  -432.83571913219504  -373.94781911177085  1690.6767035391417
2.345712661743164  -432.83571913219504  -373.94781911177085  1690.6767035391417
2.853358268737793  -432.83571913219504  -373.94781911177085  1690.6767035391417
2.910886287689209  -432.83571913219504  -373.94781911177085  1690.6767035391417
3.214787483215332  -432.83571913219504  -373.94781911177085  1690.6767035391417
3.3012571334838867  -432.83571913219504  -373.94781911177085  1690.6767035391417
3.388434410095215  -432.83571913219504  -373.94781911177085  1690.6767035391417
3.6714773178100586  -432.83571913219504  -373.94781911177085  1690.6767035391417
3.8659844398498535  -432.83571913219504  -373.94781911177085  1690.6767035391417
3.945966958999634  -432.83571913219504  -373.94781911177085  1690.6767035391417
3.9990968704223633  -432.83571913219504  -373.94781911177085  1690.6767035391417
4.1995849609375  -432.83571913219504  -373.94781911177085  1690.6767035391417
4.29772424697876  -432.83571913219504  -373.94781911177085  1690.6767035391417
4.504785537719727  -432.83571913219504  -373.94781911177085  1690.6767035391417
4.568838596343994  -432.83571913219504  -373.94781911177085  1690.6767035391417
4.681484222412109  -432.83571913219504  -373.94781911177085  1690.6767035391417
5.172641754150391  -432.83571913219504  -373.94781911177085  1690.6767035391417
5.606814384460449  -432.83571913219504  -373.94781911177085  1690.6767035391417
5.848160266876221  -432.83571913219504  -373.94781911177085  1690.6767035391417
6.138761758804321  -432.83571913219504  -373.94781911177085  1690.6767035391417
6.2483625411987305  -432.83571913219504  -373.94781911177085  1690.6767035391417
6.348766803741455  -432.83571913219504  -373.94781911177085  1690.6767035391417
6.415196418762207  -432.83571913219504  -373.94781911177085  1690.6767035391417
6.642117977142334  -432.83571913219504  -373.94781911177085  1690.6767035391417
6.716921329498291  -432.83571913219504  -373.94781911177085  1690.6767035391417
6.789409160614014  -432.83571913219504  -373.94781911177085  1690.6767035391417
6.9120564460754395  -432.83571913219504  -373.94781911177085  1690.6767035391417
6.986163854598999  -432.83571913219504  -373.94781911177085  1690.6767035391417
7.062320947647095  -432.83571913219504  -373.94781911177085  1690.6767035391417
7.157995223999023  -432.83571913219504  -373.94781911177085  1690.6767035391417
7.279750823974609  -432.83571913219504  -373.94781911177085  1690.6767035391417
7.4370832443237305  -432.83571913219504  -373.94781911177085  1690.6767035391417
7.49662184715271  -432.83571913219504  -373.94781911177085  1690.6767035391417
7.786979913711548  -432.83571913219504  -373.94781911177085  1690.6767035391417
8.195957899093628  -432.83571913219504  -373.94781911177085  1690.6767035391417
8.363443851470947  -432.83571913219504  -373.94781911177085  1690.6767035391417
8.488233089447021  -432.83571913219504  -373.94781911177085  1690.6767035391417
8.61771273612976  -432.83571913219504  -373.94781911177085  1690.6767035391417
8.928484678268433  -432.83571913219504  -373.94781911177085  1690.6767035391417
9.14223051071167  -432.83571913219504  -373.94781911177085  1690.6767035391417
9.23581600189209  -432.83571913219504  -373.94781911177085  1690.6767035391417
9.641504764556885  -432.83571913219504  -373.94781911177085  1690.6767035391417
10.173283815383911  -432.83571913219504  -373.94781911177085  1690.6767035391417
10.44905424118042  -432.83571913219504  -373.94781911177085  1690.6767035391417
10.749632358551025  -432.83571913219504  -373.94781911177085  1690.6767035391417
11.000901699066162  -432.83571913219504  -373.94781911177085  1690.6767035391417
11.090811014175415  -432.83571913219504  -373.94781911177085  1690.6767035391417
11.181750297546387  -432.83571913219504  -373.94781911177085  1690.6767035391417
11.33463430404663  -432.83571913219504  -373.94781911177085  1690.6767035391417
11.441417694091797  -432.83571913219504  -373.94781911177085  1690.6767035391417
11.617164134979248  -432.83571913219504  -373.94781911177085  1690.6767035391417
11.921754837036133  -432.83571913219504  -373.94781911177085  1690.6767035391417
12.098469495773315  -432.83571913219504  -373.94781911177085  1690.6767035391417
12.310853481292725  -432.83571913219504  -373.94781911177085  1690.6767035391417
12.741250991821289  -432.83571913219504  -373.94781911177085  1690.6767035391417
12.896229267120361  -432.83571913219504  -373.94781911177085  1690.6767035391417
12.966763973236084  -432.83571913219504  -373.94781911177085  1690.6767035391417
13.31391191482544  -432.83571913219504  -373.94781911177085  1690.6767035391417
13.74827241897583  -432.83571913219504  -373.94781911177085  1690.6767035391417
14.15668535232544  -432.83571913219504  -373.94781911177085  1690.6767035391417
14.479597568511963  -432.83571913219504  -373.94781911177085  1690.6767035391417
14.554639339447021  -432.83571913219504  -373.94781911177085  1690.6767035391417
14.688978672027588  -432.83571913219504  -373.94781911177085  1690.6767035391417
14.748100757598877  -432.83571913219504  -373.94781911177085  1690.6767035391417
14.933265686035156  -432.83571913219504  -373.94781911177085  1690.6767035391417
15.037801027297974  -432.83571913219504  -373.94781911177085  1690.6767035391417
15.107508420944214  -432.83571913219504  -373.94781911177085  1690.6767035391417
15.158923149108887  -432.83571913219504  -373.94781911177085  1690.6767035391417
15.447249412536621  -432.83571913219504  -373.94781911177085  1690.6767035391417
15.572178363800049  -432.83571913219504  -373.94781911177085  1690.6767035391417
15.655051469802856  -432.83571913219504  -373.94781911177085  1690.6767035391417
15.742037057876587  -432.83571913219504  -373.94781911177085  1690.6767035391417
15.819880962371826  -432.83571913219504  -373.94781911177085  1690.6767035391417
16.153493404388428  -432.83571913219504  -373.94781911177085  1690.6767035391417
16.277714252471924  -432.83571913219504  -373.94781911177085  1690.6767035391417
16.599636793136597  -432.83571913219504  -373.94781911177085  1690.6767035391417
