0.0  -10.42128252334311  -235.62279255551402  874.4102553192373
0.056177616119384766  -10.42128252334311  -235.62279255551402  874.4102553192373
0.11393070220947266  -10.42128252334311  -235.62279255551402  874.4102553192373
0.20260024070739746  -10.42128252334311  -235.62279255551402  874.4102553192373
0.25383543968200684  -10.42128252334311  -235.62279255551402  874.4102553192373
0.36744165420532227  -10.42128252334311  -235.62279255551402  874.4102553192373
0.4182908535003662  -10.42128252334311  -235.62279255551402  874.4102553192373
0.4882669448852539  -10.42128252334311  -235.62279255551402  874.4102553192373
0.5555820465087891  -10.42128252334311  -235.62279255551402  874.4102553192373
0.607111930847168  -10.42128252334311  -235.62279255551402  874.4102553192373
0.6782798767089844  -10.42128252334311  -235.62279255551402  874.4102553192373
0.7508997917175293  -10.42128252334311  -235.62279255551402  874.4102553192373
0.8041911125183105  -10.42128252334311  -235.62279255551402  874.4102553192373
0.8635320663452148  -10.42128252334311  -235.62279255551402  874.4102553192373
0.9367949962615967  -10.42128252334311  -235.62279255551402  874.4102553192373
1.0140814781188965  -10.42128252334311  -235.62279255551402  874.4102553192373
1.1134727001190186  -10.42128252334311  -235.62279255551402  874.4102553192373
1.1709694862365723  -10.42128252334311  -235.62279255551402  874.4102553192373
1.2347931861877441  -10.42128252334311  -235.62279255551402  874.4102553192373
1.2873785495758057  -10.42128252334311  -235.62279255551402  874.4102553192373
1.35540771484375  -10.42128252334311  -235.62279255551402  874.4102553192373
1.4059672355651855  -10.42128252334311  -235.62279255551402  874.4102553192373
1.4564638137817383  -10.42128252334311  -235.62279255551402  874.4102553192373
1.5190722942352295  -10.42128252334311  -235.62279255551402  874.4102553192373
1.606907606124878  -10.42128252334311  -235.62279255551402  874.4102553192373
1.6643638610839844  -10.42128252334311  -235.62279255551402  874.4102553192373
1.7330784797668457  -10.42128252334311  -235.62279255551402  874.4102553192373
1.7899045944213867  -10.42128252334311  -235.62279255551402  874.4102553192373
1.840177059173584  -10.42128252334311  -235.62279255551402  874.4102553192373
1.9121005535125732  -10.42128252334311  -235.62279255551402  874.4102553192373
1.9658653736114502  -10.42128252334311  -235.62279255551402  874.4102553192373
2.021116256713867  -10.42128252334311  -235.62279255551402  874.4102553192373
2.0902609825134277  -10.42128252334311  -235.62279255551402  874.4102553192373
2.153987407684326  -10.42128252334311  -235.62279255551402  874.4102553192373
2.205656051635742  -10.42128252334311  -235.62279255551402  874.4102553192373
2.2658820152282715  -10.42128252334311  -235.62279255551402  874.4102553192373
2.3274102210998535  -10.42128252334311  -235.62279255551402  874.4102553192373
2.4136340618133545  -10.42128252334311  -235.62279255551402  874.4102553192373
2.528130531311035  -10.42128252334311  -235.62279255551402  874.4102553192373
2.6085500717163086  -10.42128252334311  -235.62279255551402  874.4102553192373
2.690769672393799  -10.42128252334311  -235.62279255551402  874.4102553192373
2.7531118392944336  -10.42128252334311  -235.62279255551402  874.4102553192373
2.810487985610962  -10.42128252334311  -235.62279255551402  874.4102553192373
2.8802523612976074  -10.42128252334311  -235.62279255551402  874.4102553192373
2.962998867034912  -10.42128252334311  -235.62279255551402  874.4102553192373
3.064075231552124  -10.42128252334311  -235.62279255551402  874.4102553192373
3.1297478675842285  -10.42128252334311  -235.62279255551402  874.4102553192373
3.183220863342285  -10.42128252334311  -235.62279255551402  874.4102553192373
3.2371535301208496  -10.42128252334311  -235.62279255551402  874.4102553192373
3.312565803527832  -10.42128252334311  -235.62279255551402  874.4102553192373
3.3687262535095215  -10.42128252334311  -235.62279255551402  874.4102553192373
3.4192380905151367  -10.42128252334311  -235.62279255551402  874.4102553192373
3.508307695388794  -10.42128252334311  -235.62279255551402  874.4102553192373
3.5699820518493652  -10.42128252334311  -235.62279255551402  874.4102553192373
3.630164384841919  -10.42128252334311  -235.62279255551402  874.4102553192373
3.700624465942383  -10.42128252334311  -235.62279255551402  874.4102553192373
3.753586769104004  -10.42128252334311  -235.62279255551402  874.4102553192373
3.805692672729492  -10.42128252334311  -235.62279255551402  874.4102553192373
3.8735086917877197  -10.42128252334311  -235.62279255551402  874.4102553192373
3.940016269683838  -10.42128252334311  -235.62279255551402  874.4102553192373
4.0042078495025635  -10.42128252334311  -235.62279255551402  874.4102553192373
4.069823503494263  -10.42128252334311  -235.62279255551402  874.4102553192373
4.134778022766113  -10.42128252334311  -235.62279255551402  874.4102553192373
4.198020696640015  -10.42128252334311  -235.62279255551402  874.4102553192373
4.267043113708496  -10.42128252334311  -235.62279255551402  874.4102553192373
4.319755554199219  -10.42128252334311  -235.62279255551402  874.4102553192373
4.406189203262329  -10.42128252334311  -235.62279255551402  874.4102553192373
4.476810693740845  -10.42128252334311  -235.62279255551402  874.4102553192373
4.542123079299927  -10.42128252334311  -235.62279255551402  874.4102553192373
4.616374492645264  -10.42128252334311  -235.62279255551402  874.4102553192373
4.6667351722717285  -10.42128252334311  -235.62279255551402  874.4102553192373
4.757789134979248  -10.42128252334311  -235.62279255551402  874.4102553192373
4.826717376708984  -10.42128252334311  -235.62279255551402  874.4102553192373
4.908320426940918  -10.42128252334311  -235.62279255551402  874.4102553192373
4.962400913238525  -10.42128252334311  -235.62279255551402  874.4102553192373
5.042626857757568  -10.42128252334311  -235.62279255551402  874.4102553192373
