0.0  -461.2995490607491  -357.2450057225362  1207.4555296732754
0.05458498001098633  -461.2995490607491  -357.2450057225362  1207.4555296732754
0.1056513786315918  -461.2995490607491  -357.2450057225362  1207.4555296732754
0.15627527236938477  -461.2995490607491  -357.2450057225362  1207.4555296732754
0.2237248420715332  -461.2995490607491  -357.2450057225362  1207.4555296732754
0.2861189842224121  -461.2995490607491  -357.2450057225362  1207.4555296732754
0.36494994163513184  -461.2995490607491  -357.2450057225362  1207.4555296732754
0.43800830841064453  -461.2995490607491  -357.2450057225362  1207.4555296732754
0.5117778778076172  -461.2995490607491  -357.2450057225362  1207.4555296732754
0.5945799350738525  -461.2995490607491  -357.2450057225362  1207.4555296732754
0.6445975303649902  -461.2995490607491  -357.2450057225362  1207.4555296732754
0.727142333984375  -461.2995490607491  -357.2450057225362  1207.4555296732754
0.7808568477630615  -461.2995490607491  -357.2450057225362  1207.4555296732754
0.8340702056884766  -461.2995490607491  -357.2450057225362  1207.4555296732754
0.8845362663269043  -461.2995490607491  -357.2450057225362  1207.4555296732754
1.0068426132202148  -461.2995490607491  -357.2450057225362  1207.4555296732754
1.0800530910491943  -461.2995490607491  -357.2450057225362  1207.4555296732754
1.1370904445648193  -461.2995490607491  -357.2450057225362  1207.4555296732754
1.200699806213379  -461.2995490607491  -357.2450057225362  1207.4555296732754
1.270951271057129  -461.2995490607491  -357.2450057225362  1207.4555296732754
1.3303003311157227  -461.2995490607491  -357.2450057225362  1207.4555296732754
1.3819432258605957  -461.2995490607491  -357.2450057225362  1207.4555296732754
1.4334492683410645  -461.2995490607491  -357.2450057225362  1207.4555296732754
1.4843649864196777  -461.2995490607491  -357.2450057225362  1207.4555296732754
1.5463204383850098  -461.2995490607491  -357.2450057225362  1207.4555296732754
1.6120634078979492  -461.2995490607491  -357.2450057225362  1207.4555296732754
1.6948726177215576  -461.2995490607491  -357.2450057225362  1207.4555296732754
1.7583212852478027  -461.2995490607491  -357.2450057225362  1207.4555296732754
1.8257088661193848  -461.2995490607491  -357.2450057225362  1207.4555296732754
1.8904926776885986  -461.2995490607491  -357.2450057225362  1207.4555296732754
1.9641165733337402  -461.2995490607491  -357.2450057225362  1207.4555296732754
2.033374071121216  -461.2995490607491  -357.2450057225362  1207.4555296732754
2.0847320556640625  -461.2995490607491  -357.2450057225362  1207.4555296732754
2.1359901428222656  -461.2995490607491  -357.2450057225362  1207.4555296732754
2.18673038482666  -461.2995490607491  -357.2450057225362  1207.4555296732754
2.253267288208008  -461.2995490607491  -357.2450057225362  1207.4555296732754
2.307705879211426  -461.2995490607491  -357.2450057225362  1207.4555296732754
2.3683576583862305  -461.2995490607491  -357.2450057225362  1207.4555296732754
2.429647445678711  -461.2995490607491  -357.2450057225362  1207.4555296732754
2.482481002807617  -461.2995490607491  -357.2450057225362  1207.4555296732754
2.532518148422241  -461.2995490607491  -357.2450057225362  1207.4555296732754
2.583636999130249  -461.2995490607491  -357.2450057225362  1207.4555296732754
2.715596914291382  -461.2995490607491  -357.2450057225362  1207.4555296732754
2.7822043895721436  -461.2995490607491  -357.2450057225362  1207.4555296732754
2.8386807441711426  -461.2995490607491  -357.2450057225362  1207.4555296732754
2.8923568725585938  -461.2995490607491  -357.2450057225362  1207.4555296732754
2.9522933959960938  -461.2995490607491  -357.2450057225362  1207.4555296732754
3.026782512664795  -461.2995490607491  -357.2450057225362  1207.4555296732754
3.082520008087158  -461.2995490607491  -357.2450057225362  1207.4555296732754
3.164965867996216  -461.2995490607491  -357.2450057225362  1207.4555296732754
3.22857666015625  -461.2995490607491  -357.2450057225362  1207.4555296732754
3.2821426391601562  -461.2995490607491  -357.2450057225362  1207.4555296732754
3.339832305908203  -461.2995490607491  -357.2450057225362  1207.4555296732754
3.4005985260009766  -461.2995490607491  -357.2450057225362  1207.4555296732754
3.529745578765869  -461.2995490607491  -357.2450057225362  1207.4555296732754
3.5838112831115723  -461.2995490607491  -357.2450057225362  1207.4555296732754
3.6350021362304688  -461.2995490607491  -357.2450057225362  1207.4555296732754
3.6905620098114014  -461.2995490607491  -357.2450057225362  1207.4555296732754
3.75521183013916  -461.2995490607491  -357.2450057225362  1207.4555296732754
3.8606386184692383  -461.2995490607491  -357.2450057225362  1207.4555296732754
3.9289369583129883  -461.2995490607491  -357.2450057225362  1207.4555296732754
3.9899251461029053  -461.2995490607491  -357.2450057225362  1207.4555296732754
4.060193061828613  -461.2995490607491  -357.2450057225362  1207.4555296732754
4.117354869842529  -461.2995490607491  -357.2450057225362  1207.4555296732754
4.203268051147461  -461.2995490607491  -357.2450057225362  1207.4555296732754
4.265316963195801  -461.2995490607491  -357.2450057225362  1207.4555296732754
4.330866813659668  -461.2995490607491  -357.2450057225362  1207.4555296732754
4.384389877319336  -461.2995490607491  -357.2450057225362  1207.4555296732754
4.442442178726196  -461.2995490607491  -357.2450057225362  1207.4555296732754
4.5911126136779785  -461.2995490607491  -357.2450057225362  1207.4555296732754
4.663302183151245  -461.2995490607491  -357.2450057225362  1207.4555296732754
4.726664066314697  -461.2995490607491  -357.2450057225362  1207.4555296732754
4.777360916137695  -461.2995490607491  -357.2450057225362  1207.4555296732754
4.882602691650391  -461.2995490607491  -357.2450057225362  1207.4555296732754
4.942726135253906  -461.2995490607491  -357.2450057225362  1207.4555296732754
5.005918502807617  -461.2995490607491  -357.2450057225362  1207.4555296732754
5.0699684619903564  -461.2995490607491  -357.2450057225362  1207.4555296732754
5.135621070861816  -461.2995490607491  -357.2450057225362  1207.4555296732754
5.2049760818481445  -461.2995490607491  -357.2450057225362  1207.4555296732754
5.260926246643066  -461.2995490607491  -357.2450057225362  1207.4555296732754
5.31133508682251  -461.2995490607491  -357.2450057225362  1207.4555296732754
5.382410049438477  -461.2995490607491  -357.2450057225362  1207.4555296732754
5.436311483383179  -461.2995490607491  -357.2450057225362  1207.4555296732754
5.5081493854522705  -461.2995490607491  -357.2450057225362  1207.4555296732754
5.576413154602051  -461.2995490607491  -357.2450057225362  1207.4555296732754
5.6293487548828125  -461.2995490607491  -357.2450057225362  1207.4555296732754
5.681247234344482  -461.2995490607491  -357.2450057225362  1207.4555296732754
5.785768270492554  -461.2995490607491  -357.2450057225362  1207.4555296732754
5.887742042541504  -461.2995490607491  -357.2450057225362  1207.4555296732754
5.960919380187988  -461.2995490607491  -357.2450057225362  1207.4555296732754
6.037517309188843  -461.2995490607491  -357.2450057225362  1207.4555296732754
6.106378555297852  -461.2995490607491  -357.2450057225362  1207.4555296732754
6.18332052230835  -461.2995490607491  -357.2450057225362  1207.4555296732754
