0.0  -21.23368918211141  -37.193567327986194  1206.26190141784
0.05856633186340332  -21.23368918211141  -37.193567327986194  1206.26190141784
0.17503762245178223  -21.23368918211141  -37.193567327986194  1206.26190141784
0.26089906692504883  -21.23368918211141  -37.193567327986194  1206.26190141784
0.43743371963500977  -21.23368918211141  -37.193567327986194  1206.26190141784
0.5610635280609131  -21.23368918211141  -37.193567327986194  1206.26190141784
0.6199550628662109  -21.23368918211141  -37.193567327986194  1206.26190141784
0.8167645931243896  -21.23368918211141  -37.193567327986194  1206.26190141784
0.9118456840515137  -21.23368918211141  -37.193567327986194  1206.26190141784
0.982163667678833  -21.23368918211141  -37.193567327986194  1206.26190141784
1.060039758682251  -21.23368918211141  -37.193567327986194  1206.26190141784
1.112731695175171  -21.23368918211141  -37.193567327986194  1206.26190141784
1.2581160068511963  -21.23368918211141  -37.193567327986194  1206.26190141784
1.5204789638519287  -21.23368918211141  -37.193567327986194  1206.26190141784
1.6153442859649658  -21.23368918211141  -37.193567327986194  1206.26190141784
1.6728675365447998  -21.23368918211141  -37.193567327986194  1206.26190141784
1.9303717613220215  -21.23368918211141  -37.193567327986194  1206.26190141784
2.2619409561157227  -21.23368918211141  -37.193567327986194  1206.26190141784
2.373722791671753  -21.23368918211141  -37.193567327986194  1206.26190141784
2.436769723892212  -21.23368918211141  -37.193567327986194  1206.26190141784
2.642713785171509  -21.23368918211141  -37.193567327986194  1206.26190141784
2.7758991718292236  -21.23368918211141  -37.193567327986194  1206.26190141784
2.8487117290496826  -21.23368918211141  -37.193567327986194  1206.26190141784
3.100043773651123  -21.23368918211141  -37.193567327986194  1206.26190141784
3.222217321395874  -21.23368918211141  -37.193567327986194  1206.26190141784
3.3098671436309814  -21.23368918211141  -37.193567327986194  1206.26190141784
3.5210187435150146  -21.23368918211141  -37.193567327986194  1206.26190141784
3.6204135417938232  -21.23368918211141  -37.193567327986194  1206.26190141784
3.756669282913208  -21.23368918211141  -37.193567327986194  1206.26190141784
4.09904146194458  -21.23368918211141  -37.193567327986194  1206.26190141784
4.517759561538696  -21.23368918211141  -37.193567327986194  1206.26190141784
4.579505681991577  -21.23368918211141  -37.193567327986194  1206.26190141784
4.769118070602417  -21.23368918211141  -37.193567327986194  1206.26190141784
5.136062383651733  -21.23368918211141  -37.193567327986194  1206.26190141784
5.406086206436157  -21.23368918211141  -37.193567327986194  1206.26190141784
5.460596323013306  -21.23368918211141  -37.193567327986194  1206.26190141784
5.900957822799683  -21.23368918211141  -37.193567327986194  1206.26190141784
6.078907251358032  -21.23368918211141  -37.193567327986194  1206.26190141784
6.1473069190979  -21.23368918211141  -37.193567327986194  1206.26190141784
6.250514268875122  -21.23368918211141  -37.193567327986194  1206.26190141784
6.315965414047241  -21.23368918211141  -37.193567327986194  1206.26190141784
6.397332668304443  -21.23368918211141  -37.193567327986194  1206.26190141784
6.604368448257446  -21.23368918211141  -37.193567327986194  1206.26190141784
6.708392858505249  -21.23368918211141  -37.193567327986194  1206.26190141784
6.815598249435425  -21.23368918211141  -37.193567327986194  1206.26190141784
6.9109742641448975  -21.23368918211141  -37.193567327986194  1206.26190141784
7.050532102584839  -21.23368918211141  -37.193567327986194  1206.26190141784
7.18715500831604  -21.23368918211141  -37.193567327986194  1206.26190141784
7.244039058685303  -21.23368918211141  -37.193567327986194  1206.26190141784
7.407644033432007  -21.23368918211141  -37.193567327986194  1206.26190141784
7.5589001178741455  -21.23368918211141  -37.193567327986194  1206.26190141784
7.614619970321655  -21.23368918211141  -37.193567327986194  1206.26190141784
7.713923215866089  -21.23368918211141  -37.193567327986194  1206.26190141784
7.77503514289856  -21.23368918211141  -37.193567327986194  1206.26190141784
7.9478600025177  -21.23368918211141  -37.193567327986194  1206.26190141784
8.067057847976685  -21.23368918211141  -37.193567327986194  1206.26190141784
8.123707056045532  -21.23368918211141  -37.193567327986194  1206.26190141784
8.248819589614868  -21.23368918211141  -37.193567327986194  1206.26190141784
8.322897911071777  -21.23368918211141  -37.193567327986194  1206.26190141784
8.478192567825317  -21.23368918211141  -37.193567327986194  1206.26190141784
8.614815711975098  -21.23368918211141  -37.193567327986194  1206.26190141784
8.696975231170654  -21.23368918211141  -37.193567327986194  1206.26190141784
8.874810934066772  -21.23368918211141  -37.193567327986194  1206.26190141784
9.021932125091553  -21.23368918211141  -37.193567327986194  1206.26190141784
9.080799341201782  -21.23368918211141  -37.193567327986194  1206.26190141784
9.157286405563354  -21.23368918211141  -37.193567327986194  1206.26190141784
9.253323316574097  -21.23368918211141  -37.193567327986194  1206.26190141784
9.313161611557007  -21.23368918211141  -37.193567327986194  1206.26190141784
9.428134679794312  -21.23368918211141  -37.193567327986194  1206.26190141784
9.48280143737793  -21.23368918211141  -37.193567327986194  1206.26190141784
9.56027340888977  -21.23368918211141  -37.193567327986194  1206.26190141784
9.664766073226929  -21.23368918211141  -37.193567327986194  1206.26190141784
9.73634648323059  -21.23368918211141  -37.193567327986194  1206.26190141784
9.94448184967041  -21.23368918211141  -37.193567327986194  1206.26190141784
10.115401029586792  -21.23368918211141  -37.193567327986194  1206.26190141784
10.171108961105347  -21.23368918211141  -37.193567327986194  1206.26190141784
10.373484373092651  -21.23368918211141  -37.193567327986194  1206.26190141784
10.442438125610352  -21.23368918211141  -37.193567327986194  1206.26190141784
10.63808798789978  -21.23368918211141  -37.193567327986194  1206.26190141784
10.820892095565796  -21.23368918211141  -37.193567327986194  1206.26190141784
10.879887580871582  -21.23368918211141  -37.193567327986194  1206.26190141784
11.019554376602173  -21.23368918211141  -37.193567327986194  1206.26190141784
11.102363348007202  -21.23368918211141  -37.193567327986194  1206.26190141784
11.219147443771362  -21.23368918211141  -37.193567327986194  1206.26190141784
11.271735191345215  -21.23368918211141  -37.193567327986194  1206.26190141784
11.342864036560059  -21.23368918211141  -37.193567327986194  1206.26190141784
11.429420948028564  -21.23368918211141  -37.193567327986194  1206.26190141784
11.579370260238647  -21.23368918211141  -37.193567327986194  1206.26190141784
11.680568218231201  -21.23368918211141  -37.193567327986194  1206.26190141784
11.926393270492554  -21.23368918211141  -37.193567327986194  1206.26190141784
12.124054908752441  -21.23368918211141  -37.193567327986194  1206.26190141784
12.286714553833008  -21.23368918211141  -37.193567327986194  1206.26190141784
12.374072313308716  -21.23368918211141  -37.193567327986194  1206.26190141784
12.461743831634521  -21.23368918211141  -37.193567327986194  1206.26190141784
12.518937349319458  -21.23368918211141  -37.193567327986194  1206.26190141784
12.673282861709595  -21.23368918211141  -37.193567327986194  1206.26190141784
12.763548612594604  -21.23368918211141  -37.193567327986194  1206.26190141784
12.946287155151367  -21.23368918211141  -37.193567327986194  1206.26190141784
13.015142917633057  -21.23368918211141  -37.193567327986194  1206.26190141784
13.076316118240356  -21.23368918211141  -37.193567327986194  1206.26190141784
13.159337759017944  -21.23368918211141  -37.193567327986194  1206.26190141784
13.245634317398071  -21.23368918211141  -37.193567327986194  1206.26190141784
13.308704614639282  -21.23368918211141  -37.193567327986194  1206.26190141784
13.416442155838013  -21.23368918211141  -37.193567327986194  1206.26190141784
13.555496454238892  -21.23368918211141  -37.193567327986194  1206.26190141784
