0.0  -120.55561940973986  18.252031089047286  520.7154188167474
0.869971752166748  -119.60925184496546  18.907570578704824  534.2489114222835
0.9418516159057617  -113.00136130708958  17.488184413362497  526.9667464679038
1.0184900760650635  -105.46620821820427  18.36918406963789  538.6640948273384
1.1422924995422363  -93.59112554484084  18.076798968201157  527.5987368386695
1.1928935050964355  -89.27304728317279  17.905682937192857  531.0022970562334
1.2436602115631104  -84.19910773954352  15.91994394123204  524.8812075961075
1.2995905876159668  -80.86864473141055  13.637235115672258  529.4456963314699
1.4187994003295898  -79.61595905095432  7.191850572852129  535.7868082532103
1.4939827919006348  -79.70645469759785  1.9840277897297276  543.2622232183733
1.5496392250061035  -79.92359250471168  -0.5589136163533164  550.5166171172157
1.6170845031738281  -79.83017978857268  -4.164337735871803  554.7250821247496
1.6677088737487793  -80.48597956918582  -7.180170772626931  558.9588098263955
1.7178614139556885  -80.319132680065  -9.517138541110398  569.6957588967894
1.82305908203125  -78.85366719331678  -16.0018950950325  578.9438310081498
1.892472743988037  -80.67378423296344  -20.61122525188064  580.4760417730911
1.9808130264282227  -84.99318651818753  -24.89981137899688  578.7966172599573
2.031871795654297  -89.27374419903599  -26.40309698816816  572.5171801612568
2.093245029449463  -96.16465326396897  -27.531128578451423  587.9598439762419
2.1524791717529297  -101.04868247771019  -27.695175205791557  590.1127406840341
2.217535972595215  -107.88866593695093  -27.704561162597052  577.9767302284814
2.2690443992614746  -112.48238213655966  -27.200214713332976  574.0475216935665
2.3196909427642822  -116.58206427900905  -26.153067272988235  576.7245946032798
2.3713037967681885  -121.07526805214373  -26.86901171486211  572.8162568823218
2.441924571990967  -129.88415562979534  -27.78473937598188  596.5542673337221
2.499690055847168  -134.46825965039383  -27.2626262287743  592.332742147177
2.568610906600952  -139.59971159535914  -25.755749620692068  568.88157011841
2.6207656860351562  -143.77287970335124  -25.587392588065665  571.8120931660274
2.6743478775024414  -149.38849728769347  -23.607705507901404  580.1161919184507
2.7415575981140137  -154.40019853136218  -21.548500447925676  592.1931636869886
2.79781436920166  -155.2251969878335  -18.57040036925457  585.0169131498209
2.8667900562286377  -155.39299897019112  -14.605477676794807  576.4008325841944
2.94150972366333  -155.55184432049333  -7.753686688627267  569.9484967338857
2.999642848968506  -154.87289903585233  -6.025452046929657  563.5655366874598
3.068183422088623  -154.41842365399143  -1.3865189672806062  557.1359736197411
3.1420745849609375  -153.1771303790955  3.6685021985414257  548.5942725839342
3.2017436027526855  -152.6134060961725  6.590760352569567  543.4267300892211
3.342745780944824  -148.9899409505999  16.337123611248273  536.6194714284687
3.4172468185424805  -143.67762156927463  19.22438254181313  541.4356798061596
3.4927093982696533  -134.87699059357791  19.21291357358891  529.5668186370498
3.5433244705200195  -128.52959674454428  19.194711570419987  526.8538906512098
3.617119789123535  -123.7587451426032  19.839191015381633  542.1605768683587
3.6929123401641846  -115.34862590919266  18.63172360033577  530.6512794432617
3.766613006591797  -108.59474660553462  18.879421915729758  533.3811738844081
3.820878028869629  -103.77163570767843  18.982515116270452  542.5118071852637
3.8717331886291504  -100.29673215239399  19.06217926077085  538.0710206419064
3.9425370693206787  -92.87247360162195  18.434661714819974  528.4037470916338
3.993997573852539  -88.18293448428112  17.317294874374188  524.2460043188605
4.049964189529419  -83.80375956167914  15.6442801246363  527.6890416784566
4.117093563079834  -80.52698450794617  12.138270582422347  530.8983412887575
4.19215202331543  -79.53918455883593  7.35424845905621  536.7980642896637
4.243691444396973  -80.13729903292999  4.448928435199667  541.1068356830625
4.296058654785156  -79.61319785865895  1.6444055349469686  548.6145097576311
4.367846488952637  -79.1302754893549  -1.8146181284290144  555.3878069968146
4.41870379447937  -80.26821249826578  -4.83184693047068  551.1853490260987
4.492073059082031  -80.62374986679484  -10.217682259024354  567.9207712702764
4.61806583404541  -80.4649047620335  -16.343260241953356  577.350848214315
4.692336559295654  -81.76156240484025  -22.08189854639291  588.4915443539385
4.81597900390625  -90.46255402374054  -26.495015719137882  574.4722145923283
4.866268634796143  -95.11111601099566  -26.875220291495676  570.8675245274648
4.991821765899658  -107.0767926458354  -26.8261671881639  587.9111024543394
5.044243574142456  -111.75353885434725  -26.650229791377892  593.315942267298
5.099255561828613  -116.72464784587277  -27.269143011481574  595.6813154240721
5.166273593902588  -121.83301148441895  -26.42047072748461  572.0314052452995
5.218056917190552  -127.82009713127452  -27.114960432182777  578.9688759426496
5.269970417022705  -131.5547733928002  -26.180918715004008  575.4485133159809
5.3419108390808105  -140.37713424789672  -27.296539779614086  590.4032315876747
5.3983001708984375  -146.15419871618525  -25.85440587346465  595.0847057834325
5.466583251953125  -150.74430678170222  -24.124554627302096  585.106283115403
5.590791702270508  -155.23571052702107  -17.615782431831665  581.3089241251772
5.692622184753418  -156.8145988707268  -11.118191681828325  573.6252733314807
5.745054244995117  -155.50675584550063  -7.9927040592152006  569.104498422251
5.817179203033447  -155.70507372218992  -3.1873728686770715  564.5291744100084
5.8918633460998535  -153.1328021497961  2.1900887986794246  548.3161595236929
5.9952356815338135  -152.677919700577  7.572256798968835  540.9936020907597
6.06816291809082  -151.5473637329458  12.941298260426036  537.2426635349536
6.144707202911377  -147.12802589323545  17.64061891141732  532.994678071532
6.197781562805176  -143.3619454953726  18.97830243316047  527.8997095248676
6.3172924518585205  -131.92810246834028  19.971812018512  537.620554604126
6.391124725341797  -123.59086449740776  18.959836598016388  523.9198696174052
6.446385622024536  -119.50841757414383  19.188266574486907  527.1319085154249
6.516481399536133  -112.84779133475126  20.53084095863929  545.8668882216404
6.567387580871582  -106.65968486512972  19.556734835958768  540.3820861468884
6.691620826721191  -95.0754913556397  18.86935565302799  531.9435807588193
6.7485644817352295  -89.97927287205066  18.361582338421517  525.7106479099564
6.816762924194336  -84.15509815302102  16.280401773821094  539.1302416466602
6.892597198486328  -80.13942253424656  12.63440969227858  529.5944669193443
6.96779990196228  -79.30474316117402  8.585571794120773  533.8552132300823
7.041055679321289  -79.72857853259968  3.449811246342585  543.5623355574045
7.097612380981445  -79.59093156233573  0.16530226303639428  548.3110988020329
7.168098449707031  -79.49508448556234  -3.419205614075784  552.4828492319202
7.24258279800415  -80.72036860954435  -8.988084140309697  562.3318239210628
7.299328088760376  -80.64434697039063  -10.886027396398468  567.350453721668
7.368044376373291  -79.31659995264468  -15.511718701386508  575.5515798131491
7.4430272579193115  -81.0001340660382  -21.576825049655067  583.4045004401486
7.568346977233887  -89.29393246274242  -25.965066218869946  572.3773459743442
7.644647836685181  -95.72086238848912  -27.422668334966406  585.2573032661029
7.717059135437012  -103.55039798744953  -27.317093706671095  578.8242106649559
7.81873893737793  -112.4852469238174  -26.869285670672856  574.3516442995541
7.891624212265015  -119.50793185952718  -26.552241633249153  586.7091848758847
7.943006992340088  -125.44750843209071  -27.0420029326293  597.8158923095591
8.002806186676025  -130.06104612605176  -26.86612665160676  593.2579218208009
8.066669940948486  -135.24164416492715  -25.80642658523042  572.6226170368403
8.116958618164062  -138.97710953509915  -25.659319249734313  566.3527740655812
8.170001029968262  -143.12845269565372  -25.491293916079997  569.2573332366433
8.241142749786377  -152.8357035485319  -23.59117850239231  596.3439644067853
8.308596134185791  -154.41531913002078  -21.013421121039435  588.5912495770956
8.371857166290283  -155.32191347687072  -17.369598241083178  576.1407036555767
8.450981616973877  -156.81427062245947  -11.580308109255787  577.0538948132466
8.519450664520264  -155.5823806818901  -6.9860166956959  566.9353827911322
8.591791152954102  -154.31878653539283  -2.261515682559978  558.7417974649973
8.650737762451172  -153.04744854750308  0.7959228615162388  553.975069133851
8.721237897872925  -152.62872573779848  5.694646348419022  544.2312897444566
8.79167652130127  -151.41320542455853  9.810407362853699  539.2319116480545
8.850625991821289  -150.2912022433532  13.987931074122336  532.2974162166878
8.91992473602295  -148.2647633268456  18.885372751390722  546.6619080122102
8.994216442108154  -138.42348055871557  19.071961162589112  521.7626797609846
9.04661750793457  -133.76931940147284  19.021493845299357  525.2333253225501
9.16811990737915  -123.5697706111332  19.318407964129804  544.4499668932197
9.271244525909424  -114.74861632679674  19.815259054079327  546.8866193428447
9.343068599700928  -105.404530025184  18.506543978813685  526.1240327678355
9.471773862838745  -95.25642079409631  19.079470796260622  541.3750269078661
9.543664932250977  -87.46104787118132  17.671867626783477  525.0414831269679
9.616260528564453  -81.23511343076682  15.492610961356746  536.1909853989797
9.670593976974487  -79.07213789148939  12.919041390715263  532.1644596624726
9.744985103607178  -78.86498597125417  7.578866522047669  532.5996779484906
9.816502571105957  -78.72048791857715  3.2825595005714847  540.8141923147019
9.8679780960083  -79.31620691391095  0.3184229696264223  545.200680685673
9.992181539535522  -80.7757913381638  -7.3800279037437635  562.2338793043547
10.10567331314087  -81.32463710958736  -12.922874513616325  572.2512716924284
10.168842792510986  -80.44228148090961  -16.78253858776989  577.4873244416187
10.271776914596558  -83.83914838947138  -23.26236016925137  577.1295939380859
10.341250658035278  -89.70997867102611  -27.050934631718796  587.4450783333141
10.445721864700317  -100.41480717283774  -27.482893131813082  596.8264542523061
10.518548965454102  -105.59229089527871  -26.958179674127546  580.0344639566378
10.57413911819458  -110.4662408284924  -26.455111675859023  573.3152733598472
10.64371633529663  -117.41384979153624  -26.91672783658465  585.4818018000491
10.695069313049316  -124.08705213327103  -26.94467121255998  595.6957912855033
10.747193574905396  -128.71475043738394  -25.97592567244556  591.3261068817633
10.822616577148438  -132.89803601709863  -26.383036121959464  577.9206425723928
10.879360675811768  -137.42781670287823  -25.780984990445386  570.7474528529999
10.95930027961731  -147.72170599992342  -24.933380858902222  590.4562746691604
11.021884441375732  -151.60125123167919  -22.034851673810337  578.4736613851271
11.078564643859863  -154.48812657748437  -20.623556242116408  582.7592837347568
11.131833553314209  -155.2989343711179  -17.704583761326873  575.8101904819267
11.192996978759766  -156.08699686970968  -12.724454290470389  571.2862198827173
11.303524017333984  -155.58337186489337  -6.128097211864357  566.5734112532069
11.373018264770508  -154.3831335371794  -1.688203170895522  559.8704336304152
11.4244966506958  -153.15065648997674  1.6923188375815257  548.9647406259171
11.492420434951782  -152.61173829834294  6.18375775195777  543.5948708715023
11.55005955696106  -151.44400113017488  10.12252939527374  536.2405478050696
11.667644023895264  -148.31052245838728  18.747878533899136  543.7622903284482
11.730358123779297  -144.38050329140015  20.314999348706888  540.8403388865623
11.794132947921753  -133.90844587329906  19.525010796616268  523.1161804305111
11.89769172668457  -125.1241903522403  19.524475890422693  519.9377879900902
11.970081329345703  -119.73952231872346  20.01015041997935  542.2862929590763
12.02039384841919  -113.30953539530381  19.91339680490865  539.8490192593132
12.074872493743896  -109.00630502960865  19.67809924096105  543.8190772870013
12.144423007965088  -101.63077413538741  19.221471980605962  531.4342532399609
12.203584671020508  -97.44571013169093  18.789107758060027  522.628699832571
12.275902271270752  -89.68879615755695  18.620675463071485  538.1165344892988
12.342103958129883  -83.1386626578665  15.87267927124042  523.2842010059253
12.395636558532715  -80.55650689654203  13.957401103792868  527.165556030092
12.474488735198975  -78.97392980361681  9.57076600992704  532.0506699524813
12.542984247207642  -78.99953044576709  4.940641650333628  544.4436770699591
12.672491312026978  -79.16277616579387  -1.6110547944998774  550.6843426033515
12.744213342666626  -79.01858038890688  -2.830420985768539  556.4321894640476
