0.025697946548461914  -111.8730162474085  -257.0777926471445  1134.889664424265
0.08992147445678711  -111.8730162474085  -257.0777926471445  1134.889664424265
0.16624164581298828  -111.8730162474085  -257.0777926471445  1134.889664424265
0.2660698890686035  -111.8730162474085  -257.0777926471445  1134.889664424265
0.37532711029052734  -111.8730162474085  -257.0777926471445  1134.889664424265
0.5539209842681885  -111.8730162474085  -257.0777926471445  1134.889664424265
0.6245417594909668  -111.8730162474085  -257.0777926471445  1134.889664424265
0.6949825286865234  -111.8730162474085  -257.0777926471445  1134.889664424265
0.7476162910461426  -111.8730162474085  -257.0777926471445  1134.889664424265
0.8262734413146973  -111.8730162474085  -257.0777926471445  1134.889664424265
0.9207339286804199  -111.8730162474085  -257.0777926471445  1134.889664424265
0.9780852794647217  -111.8730162474085  -257.0777926471445  1134.889664424265
1.0512869358062744  -111.8730162474085  -257.0777926471445  1134.889664424265
1.122990608215332  -111.8730162474085  -257.0777926471445  1134.889664424265
1.1806330680847168  -111.8730162474085  -257.0777926471445  1134.889664424265
1.2308058738708496  -111.8730162474085  -257.0777926471445  1134.889664424265
1.286745309829712  -111.8730162474085  -257.0777926471445  1134.889664424265
1.351076602935791  -111.8730162474085  -257.0777926471445  1134.889664424265
1.4099631309509277  -111.8730162474085  -257.0777926471445  1134.889664424265
1.4927387237548828  -111.8730162474085  -257.0777926471445  1134.889664424265
1.5862765312194824  -111.8730162474085  -257.0777926471445  1134.889664424265
1.6406545639038086  -111.8730162474085  -257.0777926471445  1134.889664424265
1.7025127410888672  -111.8730162474085  -257.0777926471445  1134.889664424265
1.793044090270996  -111.8730162474085  -257.0777926471445  1134.889664424265
1.8667373657226562  -111.8730162474085  -257.0777926471445  1134.889664424265
1.9346718788146973  -111.8730162474085  -257.0777926471445  1134.889664424265
1.9903287887573242  -111.8730162474085  -257.0777926471445  1134.889664424265
2.0599117279052734  -111.8730162474085  -257.0777926471445  1134.889664424265
2.1963672637939453  -111.8730162474085  -257.0777926471445  1134.889664424265
2.251375675201416  -111.8730162474085  -257.0777926471445  1134.889664424265
2.315284490585327  -111.8730162474085  -257.0777926471445  1134.889664424265
2.4619603157043457  -111.8730162474085  -257.0777926471445  1134.889664424265
2.5354623794555664  -111.8730162474085  -257.0777926471445  1134.889664424265
2.618739604949951  -111.8730162474085  -257.0777926471445  1134.889664424265
2.7122504711151123  -111.8730162474085  -257.0777926471445  1134.889664424265
2.8267807960510254  -111.8730162474085  -257.0777926471445  1134.889664424265
2.88529109954834  -111.8730162474085  -257.0777926471445  1134.889664424265
2.955904483795166  -111.8730162474085  -257.0777926471445  1134.889664424265
3.0372753143310547  -111.8730162474085  -257.0777926471445  1134.889664424265
3.105656623840332  -111.8730162474085  -257.0777926471445  1134.889664424265
3.2073137760162354  -111.8730162474085  -257.0777926471445  1134.889664424265
3.262917995452881  -111.8730162474085  -257.0777926471445  1134.889664424265
3.313178539276123  -111.8730162474085  -257.0777926471445  1134.889664424265
3.370342254638672  -111.8730162474085  -257.0777926471445  1134.889664424265
3.4351603984832764  -111.8730162474085  -257.0777926471445  1134.889664424265
3.4965991973876953  -111.8730162474085  -257.0777926471445  1134.889664424265
3.5484871864318848  -111.8730162474085  -257.0777926471445  1134.889664424265
3.6068363189697266  -111.8730162474085  -257.0777926471445  1134.889664424265
3.6610052585601807  -111.8730162474085  -257.0777926471445  1134.889664424265
3.741961717605591  -111.8730162474085  -257.0777926471445  1134.889664424265
