0.0  -30.823796416427026  -143.13139723993137  1377.7799229338218
0.05856633186340332  -30.823796416427026  -143.13139723993137  1377.7799229338218
0.17503762245178223  -30.823796416427026  -143.13139723993137  1377.7799229338218
0.26089906692504883  -30.823796416427026  -143.13139723993137  1377.7799229338218
0.43743371963500977  -30.823796416427026  -143.13139723993137  1377.7799229338218
0.5610635280609131  -30.823796416427026  -143.13139723993137  1377.7799229338218
0.6199550628662109  -30.823796416427026  -143.13139723993137  1377.7799229338218
0.8167645931243896  -30.823796416427026  -143.13139723993137  1377.7799229338218
0.9118456840515137  -30.823796416427026  -143.13139723993137  1377.7799229338218
0.982163667678833  -30.823796416427026  -143.13139723993137  1377.7799229338218
1.037501573562622  -30.823796416427026  -143.13139723993137  1377.7799229338218
1.112731695175171  -30.823796416427026  -143.13139723993137  1377.7799229338218
1.2581160068511963  -30.823796416427026  -143.13139723993137  1377.7799229338218
1.5128204822540283  -30.823796416427026  -143.13139723993137  1377.7799229338218
1.6153442859649658  -30.823796416427026  -143.13139723993137  1377.7799229338218
1.6728675365447998  -30.823796416427026  -143.13139723993137  1377.7799229338218
1.9303717613220215  -30.823796416427026  -143.13139723993137  1377.7799229338218
2.217188596725464  -30.823796416427026  -143.13139723993137  1377.7799229338218
2.373722791671753  -30.823796416427026  -143.13139723993137  1377.7799229338218
2.436769723892212  -30.823796416427026  -143.13139723993137  1377.7799229338218
2.642713785171509  -30.823796416427026  -143.13139723993137  1377.7799229338218
2.7758991718292236  -30.823796416427026  -143.13139723993137  1377.7799229338218
2.8487117290496826  -30.823796416427026  -143.13139723993137  1377.7799229338218
3.100043773651123  -30.823796416427026  -143.13139723993137  1377.7799229338218
3.222217321395874  -30.823796416427026  -143.13139723993137  1377.7799229338218
3.3098671436309814  -30.823796416427026  -143.13139723993137  1377.7799229338218
3.5210187435150146  -30.823796416427026  -143.13139723993137  1377.7799229338218
3.6204135417938232  -30.823796416427026  -143.13139723993137  1377.7799229338218
3.756669282913208  -30.823796416427026  -143.13139723993137  1377.7799229338218
4.09904146194458  -30.823796416427026  -143.13139723993137  1377.7799229338218
4.517759561538696  -30.823796416427026  -143.13139723993137  1377.7799229338218
4.579505681991577  -30.823796416427026  -143.13139723993137  1377.7799229338218
4.769118070602417  -30.823796416427026  -143.13139723993137  1377.7799229338218
5.121192693710327  -30.823796416427026  -143.13139723993137  1377.7799229338218
5.362997770309448  -30.823796416427026  -143.13139723993137  1377.7799229338218
5.460596323013306  -30.823796416427026  -143.13139723993137  1377.7799229338218
5.880197286605835  -30.823796416427026  -143.13139723993137  1377.7799229338218
5.948054790496826  -30.823796416427026  -143.13139723993137  1377.7799229338218
6.021912574768066  -30.823796416427026  -143.13139723993137  1377.7799229338218
6.078907251358032  -30.823796416427026  -143.13139723993137  1377.7799229338218
6.1473069190979  -30.823796416427026  -143.13139723993137  1377.7799229338218
6.250514268875122  -30.823796416427026  -143.13139723993137  1377.7799229338218
6.315965414047241  -30.823796416427026  -143.13139723993137  1377.7799229338218
6.397332668304443  -30.823796416427026  -143.13139723993137  1377.7799229338218
6.573351621627808  -30.823796416427026  -143.13139723993137  1377.7799229338218
6.647906541824341  -30.823796416427026  -143.13139723993137  1377.7799229338218
6.708392858505249  -30.823796416427026  -143.13139723993137  1377.7799229338218
6.815598249435425  -30.823796416427026  -143.13139723993137  1377.7799229338218
6.9109742641448975  -30.823796416427026  -143.13139723993137  1377.7799229338218
7.050532102584839  -30.823796416427026  -143.13139723993137  1377.7799229338218
7.18715500831604  -30.823796416427026  -143.13139723993137  1377.7799229338218
7.244039058685303  -30.823796416427026  -143.13139723993137  1377.7799229338218
7.407644033432007  -30.823796416427026  -143.13139723993137  1377.7799229338218
7.5297768115997314  -30.823796416427026  -143.13139723993137  1377.7799229338218
7.614619970321655  -30.823796416427026  -143.13139723993137  1377.7799229338218
7.713923215866089  -30.823796416427026  -143.13139723993137  1377.7799229338218
7.77503514289856  -30.823796416427026  -143.13139723993137  1377.7799229338218
7.9478600025177  -30.823796416427026  -143.13139723993137  1377.7799229338218
8.067057847976685  -30.823796416427026  -143.13139723993137  1377.7799229338218
8.123707056045532  -30.823796416427026  -143.13139723993137  1377.7799229338218
8.248819589614868  -30.823796416427026  -143.13139723993137  1377.7799229338218
8.322897911071777  -30.823796416427026  -143.13139723993137  1377.7799229338218
8.478192567825317  -30.823796416427026  -143.13139723993137  1377.7799229338218
8.614815711975098  -30.823796416427026  -143.13139723993137  1377.7799229338218
8.696975231170654  -30.823796416427026  -143.13139723993137  1377.7799229338218
8.874810934066772  -30.823796416427026  -143.13139723993137  1377.7799229338218
9.021932125091553  -30.823796416427026  -143.13139723993137  1377.7799229338218
9.080799341201782  -30.823796416427026  -143.13139723993137  1377.7799229338218
9.157286405563354  -30.823796416427026  -143.13139723993137  1377.7799229338218
9.253323316574097  -30.823796416427026  -143.13139723993137  1377.7799229338218
9.313161611557007  -30.823796416427026  -143.13139723993137  1377.7799229338218
9.428134679794312  -30.823796416427026  -143.13139723993137  1377.7799229338218
9.48280143737793  -30.823796416427026  -143.13139723993137  1377.7799229338218
9.56027340888977  -30.823796416427026  -143.13139723993137  1377.7799229338218
9.664766073226929  -30.823796416427026  -143.13139723993137  1377.7799229338218
9.73634648323059  -30.823796416427026  -143.13139723993137  1377.7799229338218
9.910590648651123  -30.823796416427026  -143.13139723993137  1377.7799229338218
9.963804960250854  -30.823796416427026  -143.13139723993137  1377.7799229338218
10.115401029586792  -30.823796416427026  -143.13139723993137  1377.7799229338218
10.171108961105347  -30.823796416427026  -143.13139723993137  1377.7799229338218
10.373484373092651  -30.823796416427026  -143.13139723993137  1377.7799229338218
10.442438125610352  -30.823796416427026  -143.13139723993137  1377.7799229338218
10.63808798789978  -30.823796416427026  -143.13139723993137  1377.7799229338218
10.820892095565796  -30.823796416427026  -143.13139723993137  1377.7799229338218
10.879887580871582  -30.823796416427026  -143.13139723993137  1377.7799229338218
11.019554376602173  -30.823796416427026  -143.13139723993137  1377.7799229338218
11.102363348007202  -30.823796416427026  -143.13139723993137  1377.7799229338218
11.184288740158081  -30.823796416427026  -143.13139723993137  1377.7799229338218
11.236787796020508  -30.823796416427026  -143.13139723993137  1377.7799229338218
11.316039562225342  -30.823796416427026  -143.13139723993137  1377.7799229338218
11.429420948028564  -30.823796416427026  -143.13139723993137  1377.7799229338218
11.579370260238647  -30.823796416427026  -143.13139723993137  1377.7799229338218
11.680568218231201  -30.823796416427026  -143.13139723993137  1377.7799229338218
11.926393270492554  -30.823796416427026  -143.13139723993137  1377.7799229338218
12.108859062194824  -30.823796416427026  -143.13139723993137  1377.7799229338218
12.286714553833008  -30.823796416427026  -143.13139723993137  1377.7799229338218
12.374072313308716  -30.823796416427026  -143.13139723993137  1377.7799229338218
12.461743831634521  -30.823796416427026  -143.13139723993137  1377.7799229338218
12.518937349319458  -30.823796416427026  -143.13139723993137  1377.7799229338218
12.673282861709595  -30.823796416427026  -143.13139723993137  1377.7799229338218
12.763548612594604  -30.823796416427026  -143.13139723993137  1377.7799229338218
12.85433030128479  -30.823796416427026  -143.13139723993137  1377.7799229338218
12.976531744003296  -30.823796416427026  -143.13139723993137  1377.7799229338218
13.076316118240356  -30.823796416427026  -143.13139723993137  1377.7799229338218
13.159337759017944  -30.823796416427026  -143.13139723993137  1377.7799229338218
13.245634317398071  -30.823796416427026  -143.13139723993137  1377.7799229338218
13.308704614639282  -30.823796416427026  -143.13139723993137  1377.7799229338218
13.416442155838013  -30.823796416427026  -143.13139723993137  1377.7799229338218
13.500929117202759  -30.823796416427026  -143.13139723993137  1377.7799229338218
