0.02311420440673828  -398.7216280927704  45.91582419953328  995.3207533841681
0.17149925231933594  -398.7216280927704  45.91582419953328  995.3207533841681
0.2994542121887207  -398.7216280927704  45.91582419953328  995.3207533841681
0.6260876655578613  -398.7216280927704  45.91582419953328  995.3207533841681
0.6825292110443115  -398.7216280927704  45.91582419953328  995.3207533841681
0.743659496307373  -398.7216280927704  45.91582419953328  995.3207533841681
0.8979039192199707  -398.7216280927704  45.91582419953328  995.3207533841681
0.9518780708312988  -398.7216280927704  45.91582419953328  995.3207533841681
1.0045475959777832  -398.7216280927704  45.91582419953328  995.3207533841681
1.1114542484283447  -398.7216280927704  45.91582419953328  995.3207533841681
1.2556557655334473  -398.7216280927704  45.91582419953328  995.3207533841681
1.3075385093688965  -398.7216280927704  45.91582419953328  995.3207533841681
1.5000131130218506  -398.7216280927704  45.91582419953328  995.3207533841681
1.7493462562561035  -398.7216280927704  45.91582419953328  995.3207533841681
2.152981996536255  -398.7216280927704  45.91582419953328  995.3207533841681
2.2547354698181152  -398.7216280927704  45.91582419953328  995.3207533841681
2.468799352645874  -398.7216280927704  45.91582419953328  995.3207533841681
2.853358268737793  -398.7216280927704  45.91582419953328  995.3207533841681
3.0128955841064453  -398.7216280927704  45.91582419953328  995.3207533841681
3.2834839820861816  -398.7216280927704  45.91582419953328  995.3207533841681
3.529073476791382  -398.7216280927704  45.91582419953328  995.3207533841681
3.7125449180603027  -398.7216280927704  45.91582419953328  995.3207533841681
3.945966958999634  -398.7216280927704  45.91582419953328  995.3207533841681
4.140936613082886  -398.7216280927704  45.91582419953328  995.3207533841681
4.216362476348877  -398.7216280927704  45.91582419953328  995.3207533841681
4.29772424697876  -398.7216280927704  45.91582419953328  995.3207533841681
4.568838596343994  -398.7216280927704  45.91582419953328  995.3207533841681
4.819268226623535  -398.7216280927704  45.91582419953328  995.3207533841681
5.250334739685059  -398.7216280927704  45.91582419953328  995.3207533841681
5.606814384460449  -398.7216280927704  45.91582419953328  995.3207533841681
5.916256666183472  -398.7216280927704  45.91582419953328  995.3207533841681
6.223515510559082  -398.7216280927704  45.91582419953328  995.3207533841681
6.2893290519714355  -398.7216280927704  45.91582419953328  995.3207533841681
6.360246658325195  -398.7216280927704  45.91582419953328  995.3207533841681
6.470868110656738  -398.7216280927704  45.91582419953328  995.3207533841681
6.657305479049683  -398.7216280927704  45.91582419953328  995.3207533841681
6.716921329498291  -398.7216280927704  45.91582419953328  995.3207533841681
6.804521322250366  -398.7216280927704  45.91582419953328  995.3207533841681
6.9120564460754395  -398.7216280927704  45.91582419953328  995.3207533841681
6.986163854598999  -398.7216280927704  45.91582419953328  995.3207533841681
7.062320947647095  -398.7216280927704  45.91582419953328  995.3207533841681
7.157995223999023  -398.7216280927704  45.91582419953328  995.3207533841681
7.343471050262451  -398.7216280927704  45.91582419953328  995.3207533841681
7.4370832443237305  -398.7216280927704  45.91582419953328  995.3207533841681
7.5691611766815186  -398.7216280927704  45.91582419953328  995.3207533841681
7.869863033294678  -398.7216280927704  45.91582419953328  995.3207533841681
8.195957899093628  -398.7216280927704  45.91582419953328  995.3207533841681
8.363443851470947  -398.7216280927704  45.91582419953328  995.3207533841681
8.531962633132935  -398.7216280927704  45.91582419953328  995.3207533841681
8.74952220916748  -398.7216280927704  45.91582419953328  995.3207533841681
8.928484678268433  -398.7216280927704  45.91582419953328  995.3207533841681
9.14223051071167  -398.7216280927704  45.91582419953328  995.3207533841681
9.364452362060547  -398.7216280927704  45.91582419953328  995.3207533841681
9.87934684753418  -398.7216280927704  45.91582419953328  995.3207533841681
10.266550064086914  -398.7216280927704  45.91582419953328  995.3207533841681
10.60795783996582  -398.7216280927704  45.91582419953328  995.3207533841681
10.919509410858154  -398.7216280927704  45.91582419953328  995.3207533841681
11.000901699066162  -398.7216280927704  45.91582419953328  995.3207533841681
11.090811014175415  -398.7216280927704  45.91582419953328  995.3207533841681
11.18943738937378  -398.7216280927704  45.91582419953328  995.3207533841681
11.351563453674316  -398.7216280927704  45.91582419953328  995.3207533841681
11.569186210632324  -398.7216280927704  45.91582419953328  995.3207533841681
11.661739110946655  -398.7216280927704  45.91582419953328  995.3207533841681
11.981919765472412  -398.7216280927704  45.91582419953328  995.3207533841681
12.186919689178467  -398.7216280927704  45.91582419953328  995.3207533841681
12.472254753112793  -398.7216280927704  45.91582419953328  995.3207533841681
12.770364761352539  -398.7216280927704  45.91582419953328  995.3207533841681
12.896229267120361  -398.7216280927704  45.91582419953328  995.3207533841681
13.051531076431274  -398.7216280927704  45.91582419953328  995.3207533841681
13.416430711746216  -398.7216280927704  45.91582419953328  995.3207533841681
13.886548042297363  -398.7216280927704  45.91582419953328  995.3207533841681
14.36298418045044  -398.7216280927704  45.91582419953328  995.3207533841681
14.479597568511963  -398.7216280927704  45.91582419953328  995.3207533841681
14.676581859588623  -398.7216280927704  45.91582419953328  995.3207533841681
14.748100757598877  -398.7216280927704  45.91582419953328  995.3207533841681
14.961534976959229  -398.7216280927704  45.91582419953328  995.3207533841681
15.107508420944214  -398.7216280927704  45.91582419953328  995.3207533841681
15.288774013519287  -398.7216280927704  45.91582419953328  995.3207533841681
15.447249412536621  -398.7216280927704  45.91582419953328  995.3207533841681
15.603163957595825  -398.7216280927704  45.91582419953328  995.3207533841681
15.655051469802856  -398.7216280927704  45.91582419953328  995.3207533841681
15.742037057876587  -398.7216280927704  45.91582419953328  995.3207533841681
16.024123191833496  -398.7216280927704  45.91582419953328  995.3207533841681
16.17668628692627  -398.7216280927704  45.91582419953328  995.3207533841681
16.616563081741333  -398.7216280927704  45.91582419953328  995.3207533841681
