0.0  -28.469067420707713  -290.47137540907323  1474.3721074232349
0.0564732551574707  -28.469067420707713  -290.47137540907323  1474.3721074232349
0.15940427780151367  -28.469067420707713  -290.47137540907323  1474.3721074232349
0.24903535842895508  -28.469067420707713  -290.47137540907323  1474.3721074232349
0.3012218475341797  -28.469067420707713  -290.47137540907323  1474.3721074232349
0.351470947265625  -28.469067420707713  -290.47137540907323  1474.3721074232349
0.4100461006164551  -28.469067420707713  -290.47137540907323  1474.3721074232349
0.4941732883453369  -28.469067420707713  -290.47137540907323  1474.3721074232349
0.5644407272338867  -28.469067420707713  -290.47137540907323  1474.3721074232349
0.6336731910705566  -28.469067420707713  -290.47137540907323  1474.3721074232349
0.7094736099243164  -28.469067420707713  -290.47137540907323  1474.3721074232349
0.8010406494140625  -28.469067420707713  -290.47137540907323  1474.3721074232349
0.8537735939025879  -28.469067420707713  -290.47137540907323  1474.3721074232349
0.9313321113586426  -28.469067420707713  -290.47137540907323  1474.3721074232349
1.0046701431274414  -28.469067420707713  -290.47137540907323  1474.3721074232349
1.054945468902588  -28.469067420707713  -290.47137540907323  1474.3721074232349
1.1534042358398438  -28.469067420707713  -290.47137540907323  1474.3721074232349
1.2048099040985107  -28.469067420707713  -290.47137540907323  1474.3721074232349
1.257760763168335  -28.469067420707713  -290.47137540907323  1474.3721074232349
1.3275542259216309  -28.469067420707713  -290.47137540907323  1474.3721074232349
1.3799262046813965  -28.469067420707713  -290.47137540907323  1474.3721074232349
1.4302501678466797  -28.469067420707713  -290.47137540907323  1474.3721074232349
1.4820218086242676  -28.469067420707713  -290.47137540907323  1474.3721074232349
1.560255527496338  -28.469067420707713  -290.47137540907323  1474.3721074232349
1.6532564163208008  -28.469067420707713  -290.47137540907323  1474.3721074232349
1.7034616470336914  -28.469067420707713  -290.47137540907323  1474.3721074232349
1.7578024864196777  -28.469067420707713  -290.47137540907323  1474.3721074232349
1.830711841583252  -28.469067420707713  -290.47137540907323  1474.3721074232349
1.902282953262329  -28.469067420707713  -290.47137540907323  1474.3721074232349
1.9601826667785645  -28.469067420707713  -290.47137540907323  1474.3721074232349
2.01231050491333  -28.469067420707713  -290.47137540907323  1474.3721074232349
2.11210560798645  -28.469067420707713  -290.47137540907323  1474.3721074232349
2.18742036819458  -28.469067420707713  -290.47137540907323  1474.3721074232349
2.2406768798828125  -28.469067420707713  -290.47137540907323  1474.3721074232349
2.316091537475586  -28.469067420707713  -290.47137540907323  1474.3721074232349
2.386476516723633  -28.469067420707713  -290.47137540907323  1474.3721074232349
2.456583023071289  -28.469067420707713  -290.47137540907323  1474.3721074232349
2.520078659057617  -28.469067420707713  -290.47137540907323  1474.3721074232349
2.5845935344696045  -28.469067420707713  -290.47137540907323  1474.3721074232349
2.6383056640625  -28.469067420707713  -290.47137540907323  1474.3721074232349
2.7089929580688477  -28.469067420707713  -290.47137540907323  1474.3721074232349
2.802072525024414  -28.469067420707713  -290.47137540907323  1474.3721074232349
2.8628740310668945  -28.469067420707713  -290.47137540907323  1474.3721074232349
2.9560844898223877  -28.469067420707713  -290.47137540907323  1474.3721074232349
3.007260322570801  -28.469067420707713  -290.47137540907323  1474.3721074232349
3.109989643096924  -28.469067420707713  -290.47137540907323  1474.3721074232349
3.1808972358703613  -28.469067420707713  -290.47137540907323  1474.3721074232349
3.254667043685913  -28.469067420707713  -290.47137540907323  1474.3721074232349
3.3080320358276367  -28.469067420707713  -290.47137540907323  1474.3721074232349
3.361814498901367  -28.469067420707713  -290.47137540907323  1474.3721074232349
