0.0  -66.81975979932314  33.09227598187164  1997.1368676632126
0.05051231384277344  -68.1426017503981  39.68886106410355  2023.4967034646122
0.1009833812713623  -69.63068611362304  49.48508379516032  2047.7482734118464
0.1746535301208496  -67.97057046249428  59.469349580229604  1973.769853631626
0.23071527481079102  -65.26458950922297  63.56524994087029  1880.50410583251
0.29912471771240234  -62.120163910717736  70.18738233561204  1767.7092520461822
0.3536996841430664  -58.26926773454959  69.01322982226144  1650.7959214213554
0.4243004322052002  -50.76136954105451  65.49614067042258  1425.6217313993943
0.5002470016479492  -47.619979277592506  62.11774633697228  1335.8241044082397
0.5514063835144043  -43.147714638885546  56.75193826251002  1209.2777566676027
0.6267902851104736  -38.175376554718476  51.2233312208822  1067.558917146512
0.6979789733886719  -36.103645720494576  48.91923647020392  1008.5114389738104
0.7491109371185303  -33.65535575782418  44.71550488376962  942.1928392305024
0.8014256954193115  -31.772681659424038  42.00407676319139  889.977021645837
0.8550539016723633  -30.248713015341384  39.2381941924937  849.0410251789058
0.9251441955566406  -27.795149610488497  35.222519991100654  782.1112966130514
0.9978137016296387  -26.30132917714249  32.625628956062194  741.7125789330329
1.0503225326538086  -25.27011440644631  31.196722057554616  712.9791102378116
1.1325111389160156  -23.554308512682155  28.818080020726352  665.1726640643927
1.2015767097473145  -22.40027922641257  25.93236700424419  635.9916313367702
1.2532539367675781  -21.686100782181946  24.14606437893504  617.9256087065836
1.3278436660766602  -20.598884657280706  20.32655059318135  592.9242302031665
3.073126792907715  -69.37313819717642  43.432052090161385  2053.2979583328906
3.127768039703369  -69.63068611362304  49.48508379516032  2047.7482734118464
