0.0  -76.89085085139256  -21.021376314425524  587.7242898165448
0.1983661651611328  -77.83403497957619  -20.75391513423263  580.6329497506442
0.2572340965270996  -76.9135704648076  -20.573765284524153  587.5914521924951
0.7736811637878418  -78.73310087356509  -20.92983333302303  573.8362429431967
0.8253288269042969  -82.33403083802055  -21.49720381549591  567.5831793084527
0.8995747566223145  -88.56781050001871  -22.398291017160105  580.0638468177674
0.9723334312438965  -95.45405625301649  -22.01802835487623  562.9651470201638
1.0474457740783691  -102.41898115462664  -22.127493183032858  577.5915643405265
1.1000561714172363  -108.73954282953643  -22.073518061645622  587.5283769108222
1.1703166961669922  -114.11162896888139  -20.352560261211107  564.9652287504355
1.2447810173034668  -120.31764368436185  -18.791916403172532  577.9892606811659
1.320220947265625  -125.24956526977681  -15.265648731442484  568.7361325010436
1.42423677444458  -129.33890310170707  -10.244397500522355  560.2047277058962
1.4941022396087646  -131.4958876021316  -4.477119281787607  561.8521941569629
1.5456316471099854  -132.41021188504  -1.6483438914025594  557.5473132112855
1.6045145988464355  -131.3580271638098  2.0568735027570004  553.4350778326049
1.7199945449829102  -129.9742461579371  8.123867540084053  544.8507169852386
1.7709169387817383  -127.5982946052371  12.612832211482676  541.3515226455007
1.844451665878296  -122.28017485713896  15.340023605942122  532.4679714801435
1.9067742824554443  -117.60831794712884  17.677826824740855  526.1769787891835
1.9696321487426758  -112.79642981979353  19.596673993578964  538.8259421629971
2.0237536430358887  -107.01045434961357  20.409807330413262  530.476312347808
2.0939340591430664  -98.90333479849981  21.21477065398811  521.8733879815748
2.221609354019165  -87.16676573856464  22.66431167846358  533.8245812562333
2.294987201690674  -79.74650150019731  21.554388261589924  517.869785921011
2.3704934120178223  -72.4088105034195  22.21543535837588  528.0922028520591
2.4208145141601562  -68.51639829612382  22.29157922558163  535.9795730571772
2.4952712059020996  -61.34401317878079  21.718553330982722  518.3658839984489
2.597365617752075  -51.676726485319456  21.542520636459113  525.3894431946289
2.6550989151000977  -47.0818781320824  20.24133293053863  519.6475882599327
2.719743251800537  -39.55586035797524  19.419258222802856  536.1622108996198
2.794081211090088  -34.77339604283068  16.130248289897775  528.0968884791253
2.896322727203369  -29.26612916328286  11.674903091680427  531.2346328152394
2.9492390155792236  -26.296049022049928  8.62670327642068  537.4105957236299
3.0212655067443848  -24.992725301701867  4.885830542880166  541.7156778838025
3.0977063179016113  -25.12256796595434  -0.09871172765275546  548.6175539371935
3.150205135345459  -25.316726872186155  -3.459475579350656  552.7023781030631
3.269792079925537  -29.597796944666868  -9.377375301794185  550.2633617395867
3.3941874504089355  -36.86225097415027  -16.48456726710974  572.2221952256423
3.522728681564331  -47.99879490586318  -19.38738898642369  557.7066005592372
3.59456205368042  -55.21582913561876  -20.073749569117034  579.1800161600908
3.7198333740234375  -66.08140848312163  -20.5508951665867  564.5889497657062
3.771495819091797  -70.84036922379374  -20.85846114198599  560.6418068667361
3.825016975402832  -75.52145368285346  -20.837912312339604  557.0299730537204
3.894233226776123  -82.97951671890077  -21.308970885596448  585.0688131487366
3.9507908821105957  -87.76020520969581  -21.728484958690192  581.3006961537995
4.020136594772339  -93.94681086346755  -21.596457819890382  564.0367847339501
4.073716163635254  -99.82585009680946  -21.808160821763522  567.9191456713475
4.125725030899048  -104.55122834765562  -21.615834315935608  570.2190659060855
4.195262670516968  -111.09890923301866  -21.030402457923657  576.4925720215415
4.319498538970947  -121.88542355709313  -17.437602777961466  565.0951369423257
4.370187997817993  -125.25632644338296  -15.033797874708037  569.498313571061
4.470408916473389  -129.35926795843005  -9.585776356024022  560.7981268983631
4.575164079666138  -132.37660873799953  -3.3315961699105108  558.1838946276434
4.6947181224823  -131.67775863681047  3.848850485812181  547.6598484876538
4.769674301147461  -129.4593040349561  9.53523537034595  542.8196680416258
4.821411371231079  -127.28439991639868  12.7431846228571  547.5529384573209
4.945188522338867  -115.75756396174312  17.661562344133543  525.0936423557655
5.069952011108398  -105.98943690361892  21.789017564714296  541.3918695581084
5.145357131958008  -98.6067955121385  21.358448397719094  524.5359860056051
5.219574213027954  -90.81518405299434  22.717893526217367  536.02653298323
5.272363185882568  -85.71026903835626  22.7493136306045  534.9485097046186
5.323754787445068  -81.31333743037536  22.678257803322094  538.0955013447378
5.395046234130859  -73.37769737042241  21.28340094168468  518.0593431313232
5.5209033489227295  -61.9047284470738  23.065080855407867  536.6502795569654
5.571385383605957  -57.34256886930325  22.997684068450937  539.9125867127366
5.6215455532073975  -52.1489625486753  21.824786203373513  529.3726263369084
5.671762704849243  -46.93691086548405  21.432186799846196  535.7928837362152
5.7449791431427  -41.78195191355488  19.103095763335205  523.238694114813
5.87231969833374  -31.20546415567804  14.783957859381383  534.5047083015563
5.944931507110596  -27.687248417593402  11.017950579340779  532.2372639289258
6.019542217254639  -24.9894061093964  7.079575329906041  542.2317440827566
6.122902870178223  -24.34072167368536  0.48170992175425587  546.1938733572174
6.195363521575928  -25.48543117869276  -4.116083101193919  554.5787242763718
6.320503234863281  -31.225860333832983  -10.870748518096628  548.7013896500988
6.373741626739502  -33.510965707776364  -13.38282838011665  559.2415873990767
6.424072742462158  -37.58264505952783  -15.319138770470282  555.8751479645512
6.494739532470703  -42.21130157703096  -19.34724344317419  573.0140152736785
6.547587871551514  -47.19094035384385  -19.334082283243628  569.1519150476569
6.620059013366699  -55.35916332345124  -19.641877444089832  562.5989275689885
6.695828437805176  -61.27040478987518  -20.46327300799868  576.9524609221583
6.7707390785217285  -68.63481209183973  -21.141672550900612  557.0688823880648
6.84744119644165  -76.23121460891176  -21.099402671906013  581.6413056933694
6.920985698699951  -82.72771366039714  -20.75838573591082  565.0166193593085
6.978239059448242  -86.60456126732394  -21.06915528510682  561.6998019417704
7.045225620269775  -95.38793550421407  -22.170414710555896  583.3637531489486
7.096008539199829  -100.55009659974964  -22.22469103299116  582.1480778734943
7.220848083496094  -110.38110765375656  -20.571573588683822  559.474772959702
7.2753379344940186  -116.13272701378366  -19.329484897364182  566.703384949028
7.394769191741943  -126.4005539939312  -14.493636156221237  573.527149312544
7.502553701400757  -130.24018286395378  -8.26998400479531  571.1108373918476
7.571033954620361  -131.03997783692617  -5.237304377176732  556.2217488282698
7.648319482803345  -131.90503300478773  0.8290488751734484  556.3099961562779
7.7048656940460205  -131.6712126961495  3.353173491956225  548.2575904250581
7.770340442657471  -130.53142661246636  8.176162164527176  547.1784390608232
7.895135879516602  -123.30758089363442  15.503105207073684  536.9253903140507
7.947991371154785  -117.60831794712884  17.677826824740855  526.1769787891835
8.020585536956787  -112.82267043848891  20.06816606286089  538.2825714890406
8.144830226898193  -100.41876862698443  21.382240805366653  525.6068766070215
8.199333667755127  -94.95156055997445  21.44998642902511  517.565618478068
8.251636028289795  -90.02695455130373  22.36664145258986  521.7727088323135
8.319650173187256  -83.14819553379549  23.43400587567695  539.3567102529928
8.42547607421875  -73.01056689468781  22.43404737543549  532.4576342766777
8.494853496551514  -67.29771554824724  21.500727202827193  520.2758365214685
8.554121971130371  -61.84393072660914  21.92897414704476  522.564884994054
8.62114429473877  -53.8661773510327  22.17209345357786  530.6475378528888
8.694428443908691  -48.030228712523154  21.00548054694744  521.3461343981272
8.746181011199951  -43.48254877524668  19.82986411619422  524.3925021182796
8.799975156784058  -39.01501120579255  19.05583215695719  529.8856017797596
8.853581666946411  -35.28518050704507  16.319833336066647  523.1828884170977
8.91932487487793  -29.593079372121505  13.72971031851913  535.593640040899
9.069681644439697  -25.01947866014609  6.02272600742027  541.8160960836809
9.121698379516602  -24.338196328473177  1.9547450084690496  546.5408149158762
9.22296667098999  -26.1985441243969  -3.9562467401488504  548.5758953991474
9.29387617111206  -28.340933943291464  -8.881023180650024  561.9852767723777
9.421272039413452  -35.79040599101561  -15.266172331528338  554.703727375166
9.494872808456421  -40.35983915235209  -17.7464538364058  572.0968102877922
9.545217990875244  -45.51613238115281  -19.005046528914406  570.7021631299112
9.60654592514038  -49.72523358824034  -19.60801143144579  578.1550211710721
9.657601118087769  -55.21582913561876  -20.073749569117034  579.1800161600908
9.720336437225342  -62.308784013355094  -20.089768916316466  562.3503694939919
9.770573139190674  -67.68489120183371  -20.872561941058738  563.0841858738169
9.820917129516602  -72.40762566038278  -20.851531453472603  559.4310459375833
9.87701940536499  -76.881945333788  -20.376589878724698  567.089240450582
9.94550347328186  -83.05906069486073  -20.988622679317675  573.2588227193677
10.020275115966797  -89.66841812126172  -21.055214222542006  559.2997310201505
10.073981285095215  -95.46832875942452  -21.26139221676213  563.1118088544634
10.194750308990479  -108.75648147299793  -21.283732335638106  587.6833675971453
10.251558303833008  -113.41697530294798  -20.81538660114049  583.6148154271608
10.301562309265137  -118.0362710826889  -19.237119370362198  580.0613157701873
10.369825839996338  -122.28137491232133  -16.669439336000593  559.5288175849436
10.421081066131592  -125.44130549150557  -14.557663755573959  566.2036990902941
10.497425556182861  -130.07105000411275  -9.051111289398  574.1562030753713
10.570082902908325  -130.91181288443317  -4.990041176161251  560.0027421233624
10.695274829864502  -131.5125937673521  2.8361152993563965  550.1576285382938
10.74934434890747  -131.17052045522482  6.103222120545199  545.2996636942293
10.802859783172607  -129.44958419652414  9.368015536745425  541.6632228457968
10.869626522064209  -125.70735380927303  14.064481214246412  540.4773326637452
10.945617198944092  -118.94707923629495  16.50605535938516  525.1054087611438
10.99998140335083  -114.85842835624102  18.14551473039382  528.5989501236477
11.073863506317139  -109.74034573753414  21.034053964044404  543.9554134389381
11.146857738494873  -100.59972188008139  21.377678623716886  518.07460688813
11.198883533477783  -95.6472940973858  21.410220003509544  517.0426677493323
11.271881103515625  -89.38028655937178  23.201257488829917  537.0412990175876
11.329098224639893  -84.97952419025579  23.462449786960264  540.4703741054526
11.39548945426941  -76.97807648491492  21.467672954203305  515.311206711361
11.520335674285889  -72.52073467254726  21.35905380305922  511.79312070292684
