0.0  -120.55561940973986  18.252031089047286  520.7154188167474
0.8664650917053223  -119.60925184496546  18.907570578704824  534.2489114222835
0.917567253112793  -115.879889373328  18.43589798561688  540.1347966860023
0.988959550857544  -107.03793181719934  16.96495682165557  521.7253694783765
1.0392570495605469  -102.86654467939276  17.816349785680003  525.4397466684015
1.0896797180175781  -98.13629348069884  17.730305835192286  521.700615884493
1.1420059204101562  -93.59112554484084  18.076798968201157  527.5987368386695
1.2142670154571533  -87.48974156366937  17.90237051839579  544.5563291923387
1.2889256477355957  -80.86864473141055  13.637235115672258  529.4456963314699
1.4151878356933594  -79.61595905095432  7.191850572852129  535.7868082532103
1.4905519485473633  -79.70645469759785  1.9840277897297276  543.2622232183733
1.5420937538146973  -79.92359250471168  -0.5589136163533164  550.5166171172157
1.5973060131072998  -79.7976428572947  -3.176328636541132  555.5542709324782
1.665839433670044  -80.48597956918582  -7.180170772626931  558.9588098263955
1.740502119064331  -80.18458707034308  -12.109927864298902  570.4844287760681
1.8644042015075684  -80.4186363365499  -18.335803176825696  577.1679648578605
1.9152281284332275  -81.97080228234839  -21.041637875660452  570.1929252075881
1.9659695625305176  -84.99318651818753  -24.89981137899688  578.7966172599573
2.0409672260284424  -91.7392445789635  -27.47677125139881  588.536791936758
2.142838954925537  -101.04868247771019  -27.695175205791557  590.1127406840341
2.193528652191162  -106.16979757165046  -28.441247994261435  598.2049362927131
2.265075206756592  -112.48238213655966  -27.200214713332976  574.0475216935665
2.340534210205078  -119.83718319811936  -27.226800466266862  593.0021119318226
2.4163010120391846  -125.17718549260351  -26.92645118035138  575.0081111243616
2.4704127311706543  -130.79707205358147  -27.07478815634497  576.426981080969
2.5392518043518066  -138.899144793874  -26.522643148501473  591.8934811938534
2.5905590057373047  -143.45550119288322  -26.35268266314705  584.5423070736755
2.643037796020508  -149.15306858724804  -25.022318294328826  592.5286026319104
2.714010238647461  -152.97180125121187  -22.28688949406532  587.1219438475856
2.8157026767730713  -155.29000689677892  -17.765712738747183  579.0703153935166
2.9406425952911377  -155.55184432049333  -7.753686688627267  569.9484967338857
2.9931797981262207  -154.87289903585233  -6.025452046929657  563.5655366874598
3.062793016433716  -154.41842365399143  -1.3865189672806062  557.1359736197411
3.1134979724884033  -153.17002610267969  1.6066146324856034  549.4383904253342
3.2181859016418457  -152.71673464399782  7.817136598935731  541.7586604068487
3.289354085922241  -150.23801817352708  13.774279653430389  534.7824761962947
3.413363456726074  -143.67762156927463  19.22438254181313  541.4356798061596
3.464888095855713  -138.90252751950723  19.908676396447095  545.3156492531895
3.515554428100586  -134.0510130709998  20.195015929332804  549.4029195348348
3.5894808769226074  -124.4379339067209  18.962374408615457  530.6801744028913
3.6422314643859863  -119.69950172477053  19.054812301695502  524.4430704263837
3.714179515838623  -114.01587079004892  19.116304051457668  547.3188655282278
3.787933349609375  -105.92814498654066  17.932778880848836  520.5357694330266
3.842534303665161  -101.17901044323135  18.01742561215888  529.2245348034896
3.9148502349853516  -95.25118658071396  19.408722630556365  541.649001071131
4.038410425186157  -83.80375956167914  15.6442801246363  527.6890416784566
4.141594886779785  -79.75500445816371  10.036488536527013  527.0900253944869
4.200005531311035  -79.53918455883593  7.35424845905621  536.7980642896637
4.264355659484863  -79.36023494259788  3.261534870602756  545.8057058230046
4.3374183177948  -79.51763122267369  -0.8548070180249813  553.2168146325054
4.3893232345581055  -79.38713424652961  -3.4883472986459085  558.3058316294637
4.464193344116211  -80.02064573748811  -8.033332295599351  562.2840461923104
4.51474666595459  -80.66532537741472  -11.55318122473484  566.7780348747764
4.5889952182769775  -80.4328003827217  -15.32889051461336  578.2387566986785
4.715874195098877  -83.06594938117141  -22.827426149599297  577.6320101384136
4.791792869567871  -88.53465504179086  -26.72669168958601  591.3528853885563
4.863399267196655  -95.11111601099566  -26.875220291495676  570.8675245274648
4.969297409057617  -105.11168874149257  -26.85386998180574  577.4044204526865
5.038565635681152  -111.75353885434725  -26.650229791377892  593.315942267298
5.09608793258667  -116.72464784587277  -27.269143011481574  595.6813154240721
5.164896726608276  -121.83301148441895  -26.42047072748461  572.0314052452995
5.239002704620361  -130.8214742122022  -26.74215719623754  592.0714048525899
5.289031505584717  -135.85783039137985  -27.360347559505463  594.4253952349967
5.347086429595947  -140.37713424789672  -27.296539779614086  590.4032315876747
5.4170191287994385  -146.4763381153802  -24.983616312384804  578.6049564155733
5.489572048187256  -152.85916367432085  -23.494205945071702  592.8875702065184
5.563557386398315  -154.52598553792967  -19.323853119807747  579.4216567571796
5.6677844524383545  -156.81460473681656  -13.73812876864232  574.747981437162
5.739132881164551  -155.50675584550063  -7.9927040592152006  569.104498422251
5.789628982543945  -155.6145608312345  -4.52188537546114  563.2344196217844
5.844119548797607  -154.34151307992767  -1.508645145386861  558.8845690689755
5.916418552398682  -153.25753326051966  4.15664268181509  550.1561462320908
5.988511800765991  -152.677919700577  7.572256798968835  540.9936020907597
6.042198419570923  -151.45042260072682  11.322162165336103  535.7437202510375
6.112728118896484  -151.53883449153707  16.256672203965042  549.793397610475
6.163310766220093  -146.99056416185226  18.360985966478456  541.7439675868492
6.214163303375244  -142.94569084088198  20.139381703063552  545.0307512601167
6.288830757141113  -132.31473821717168  19.554708692097556  529.308240478574
6.345998048782349  -128.15744817413054  19.284140724495618  522.3098310240289
6.416816711425781  -122.53833257224726  19.77804669233286  540.4457586707139
6.487268447875977  -114.21029433980407  19.682265941499136  529.0156732641857
6.5382444858551025  -108.19856706894828  18.74669860317322  523.8631952394317
6.59262228012085  -104.02289704731048  18.97284672873329  527.076457844561
6.665396690368652  -97.9438834885594  19.963410783336514  547.6955179774159
6.741888523101807  -89.97927287205066  18.361582338421517  525.7106479099564
6.7934815883636475  -85.63022273073888  16.764293882537114  528.8010784795406
6.866606950759888  -80.87399038693738  13.968848905886393  533.6629191489915
6.988029956817627  -79.50664793213552  6.2278481514979624  536.7612846683446
7.03839373588562  -79.72857853259968  3.449811246342585  543.5623355574045
7.099440813064575  -79.59093156233573  0.16530226303639428  548.3110988020329
7.16585111618042  -79.49508448556234  -3.419205614075784  552.4828492319202
7.23771858215332  -80.72036860954435  -8.988084140309697  562.3318239210628
7.293142080307007  -80.64434697039063  -10.886027396398468  567.350453721668
7.364439487457275  -79.31659995264468  -15.511718701386508  575.5515798131491
7.4377830028533936  -81.0001340660382  -21.576825049655067  583.4045004401486
7.547762870788574  -87.33105365057159  -25.83977441496295  589.4427154645457
7.614502429962158  -93.56186610179836  -26.894937231633833  572.1096496742778
7.6900856494903564  -101.99779520608318  -27.91737754090656  595.634042858316
7.799921989440918  -110.93824400029659  -27.57131724003156  594.316186600382
7.86406946182251  -116.80790654537331  -26.044300914953034  573.5003417575163
7.970919132232666  -126.50305589950575  -26.688094050116757  577.2993597507324
8.039432764053345  -134.47623294225224  -26.80768735842976  592.1485775891373
8.109246015548706  -138.3613886660384  -26.306500201001725  585.7874796298648
8.164545059204102  -143.12845269565372  -25.491293916079997  569.2573332366433
8.244478940963745  -152.8357035485319  -23.59117850239231  596.3439644067853
8.312864303588867  -154.53464084759244  -19.50186960296114  583.2459165970421
8.363603591918945  -155.32191347687072  -17.369598241083178  576.1407036555767
8.438714504241943  -156.81427062245947  -11.580308109255787  577.0538948132466
8.493662357330322  -155.5369862737376  -7.653607084558916  566.2825437957811
8.567236423492432  -154.31681187854514  -3.104967896744284  559.0949168615203
8.6441171169281  -153.04744854750308  0.7959228615162388  553.975069133851
8.717972040176392  -152.62872573779848  5.694646348419022  544.2312897444566
8.788947820663452  -151.41320542455853  9.810407362853699  539.2319116480545
8.850833415985107  -150.2912022433532  13.987931074122336  532.2974162166878
8.917499542236328  -148.2647633268456  18.885372751390722  546.6619080122102
8.98850417137146  -138.42348055871557  19.071961162589112  521.7626797609846
9.04497241973877  -133.76931940147284  19.021493845299357  525.2333253225501
9.116149425506592  -128.32421384016592  19.98572640380672  543.0077941910466
9.16625165939331  -123.5697706111332  19.318407964129804  544.4499668932197
9.288876056671143  -110.48134668128039  18.53916018627454  526.8260069185179
9.343224287033081  -105.404530025184  18.506543978813685  526.1240327678355
9.415308475494385  -100.01890691923504  19.271793252873017  540.5030675258415
9.489189386367798  -91.74232107635683  17.842534358318588  521.7110506185209
9.563020467758179  -85.27514390115883  17.79218190795361  541.1304670930919
9.618406772613525  -81.23511343076682  15.492610961356746  536.1909853989797
9.673121690750122  -79.07213789148939  12.919041390715263  532.1644596624726
9.738532543182373  -78.86498597125417  7.578866522047669  532.5996779484906
9.789872646331787  -78.67499975822767  4.577967787835431  541.8769711680785
9.863798141479492  -79.31620691391095  0.3184229696264223  545.200680685673
9.938622951507568  -80.15958728302073  -4.774019684864599  552.6473620551883
9.997881412506104  -80.7757913381638  -7.3800279037437635  562.2338793043547
10.0672926902771  -80.66532537741472  -11.55318122473484  566.7780348747764
10.138564348220825  -80.42095201322242  -16.10677105544301  578.0785774351737
10.19611668586731  -81.04646231949748  -19.563497592745357  583.5896264099993
10.31387186050415  -87.34537640121974  -25.117011805706653  571.2126255888027
10.415489673614502  -95.88317775276514  -26.865411869881438  570.2488337835287
10.467450618743896  -102.01565378803369  -26.893538058578688  579.9464062501194
10.588625431060791  -113.03362326629383  -26.5234311689325  586.3557830849272
10.69881796836853  -124.08705213327103  -26.94467121255998  595.6957912855033
10.763936519622803  -129.34106303586057  -25.87533228738822  577.6720419808817
10.86608076095581  -137.42781670287823  -25.780984990445386  570.7474528529999
10.920851469039917  -141.76807375643918  -25.839409315657555  567.5154963519565
10.992087602615356  -151.4142652421888  -23.410646207944232  590.8150209388252
11.09462833404541  -155.20191353408538  -18.910007923764272  584.6729050806687
11.167492151260376  -156.0861973718945  -14.029341148933584  571.8413896460759
11.295641899108887  -155.58337186489337  -6.128097211864357  566.5734112532069
11.364025592803955  -154.3831335371794  -1.688203170895522  559.8704336304152
11.43871259689331  -153.15641416148435  3.340984289108879  548.283755842717
11.498370170593262  -152.61173829834294  6.18375775195777  543.5948708715023
11.563478469848633  -151.52169268868377  11.4161648217172  537.4302274860278
11.614142417907715  -150.93389718261344  15.596039433878747  541.3606345380098
11.738548278808594  -140.23026173334324  19.612972223812044  525.3466533110437
11.800061702728271  -133.90844587329906  19.525010796616268  523.1161804305111
11.86756420135498  -129.32907366835894  20.317859551884478  537.3455024211507
11.938607692718506  -120.51381338481208  19.77570834702929  531.3574141124296
11.997003078460693  -114.85550148250123  18.644346914364444  520.4436898827073
12.066158771514893  -109.00630502960865  19.67809924096105  543.8190772870013
12.13928508758545  -101.63077413538741  19.221471980605962  531.4342532399609
12.212679862976074  -95.24604150685916  19.738231789132282  541.9223995691343
12.264551639556885  -89.68879615755695  18.620675463071485  538.1165344892988
12.387807369232178  -80.55650689654203  13.957401103792868  527.165556030092
12.445100545883179  -78.95150317182075  10.211723101020976  532.5671768004397
12.50453519821167  -79.5284432979466  7.676659241975502  537.0583486919362
12.564147710800171  -79.04428327939289  3.6386112220444584  543.3741719701912
12.638206720352173  -78.73028930738344  -1.2539205000380012  553.9364213562591
