0.0  27.71338117455517  -400.2256460317375  1970.9090171053833
0.07339715957641602  27.71338117455517  -400.2256460317375  1970.9090171053833
0.20772266387939453  27.71338117455517  -400.2256460317375  1970.9090171053833
0.3099045753479004  27.71338117455517  -400.2256460317375  1970.9090171053833
0.3879380226135254  27.71338117455517  -400.2256460317375  1970.9090171053833
0.6130380630493164  27.71338117455517  -400.2256460317375  1970.9090171053833
0.7677104473114014  27.71338117455517  -400.2256460317375  1970.9090171053833
0.9654598236083984  27.71338117455517  -400.2256460317375  1970.9090171053833
1.0196890830993652  27.71338117455517  -400.2256460317375  1970.9090171053833
1.127568244934082  27.71338117455517  -400.2256460317375  1970.9090171053833
1.4356749057769775  27.71338117455517  -400.2256460317375  1970.9090171053833
1.6356136798858643  27.71338117455517  -400.2256460317375  1970.9090171053833
1.723473072052002  27.71338117455517  -400.2256460317375  1970.9090171053833
1.962568759918213  27.71338117455517  -400.2256460317375  1970.9090171053833
2.0138888359069824  27.71338117455517  -400.2256460317375  1970.9090171053833
2.2414815425872803  27.71338117455517  -400.2256460317375  1970.9090171053833
2.3055248260498047  27.71338117455517  -400.2256460317375  1970.9090171053833
2.587282419204712  27.71338117455517  -400.2256460317375  1970.9090171053833
2.6889758110046387  27.71338117455517  -400.2256460317375  1970.9090171053833
2.7414474487304688  27.71338117455517  -400.2256460317375  1970.9090171053833
3.034454345703125  27.71338117455517  -400.2256460317375  1970.9090171053833
3.3213658332824707  27.71338117455517  -400.2256460317375  1970.9090171053833
3.5662519931793213  27.71338117455517  -400.2256460317375  1970.9090171053833
3.714883804321289  27.71338117455517  -400.2256460317375  1970.9090171053833
3.9431028366088867  27.71338117455517  -400.2256460317375  1970.9090171053833
4.31494140625  27.71338117455517  -400.2256460317375  1970.9090171053833
