0.0  -407.18135130798544  -177.53710493701607  1258.0595371060347
0.056177616119384766  -407.18135130798544  -177.53710493701607  1258.0595371060347
0.11393070220947266  -407.18135130798544  -177.53710493701607  1258.0595371060347
0.17409896850585938  -407.18135130798544  -177.53710493701607  1258.0595371060347
0.25383543968200684  -407.18135130798544  -177.53710493701607  1258.0595371060347
0.30895328521728516  -407.18135130798544  -177.53710493701607  1258.0595371060347
0.3943648338317871  -407.18135130798544  -177.53710493701607  1258.0595371060347
0.4540534019470215  -407.18135130798544  -177.53710493701607  1258.0595371060347
0.5290367603302002  -407.18135130798544  -177.53710493701607  1258.0595371060347
0.5809268951416016  -407.18135130798544  -177.53710493701607  1258.0595371060347
0.631340503692627  -407.18135130798544  -177.53710493701607  1258.0595371060347
0.7020740509033203  -407.18135130798544  -177.53710493701607  1258.0595371060347
0.777259111404419  -407.18135130798544  -177.53710493701607  1258.0595371060347
0.8308711051940918  -407.18135130798544  -177.53710493701607  1258.0595371060347
0.8902430534362793  -407.18135130798544  -177.53710493701607  1258.0595371060347
0.9629001617431641  -407.18135130798544  -177.53710493701607  1258.0595371060347
1.0140814781188965  -407.18135130798544  -177.53710493701607  1258.0595371060347
1.1134727001190186  -407.18135130798544  -177.53710493701607  1258.0595371060347
1.1709694862365723  -407.18135130798544  -177.53710493701607  1258.0595371060347
1.2347931861877441  -407.18135130798544  -177.53710493701607  1258.0595371060347
1.2873785495758057  -407.18135130798544  -177.53710493701607  1258.0595371060347
1.35540771484375  -407.18135130798544  -177.53710493701607  1258.0595371060347
1.4059672355651855  -407.18135130798544  -177.53710493701607  1258.0595371060347
1.4564638137817383  -407.18135130798544  -177.53710493701607  1258.0595371060347
1.5190722942352295  -407.18135130798544  -177.53710493701607  1258.0595371060347
1.5796823501586914  -407.18135130798544  -177.53710493701607  1258.0595371060347
1.6347558498382568  -407.18135130798544  -177.53710493701607  1258.0595371060347
1.6897597312927246  -407.18135130798544  -177.53710493701607  1258.0595371060347
1.7559514045715332  -407.18135130798544  -177.53710493701607  1258.0595371060347
1.8239455223083496  -407.18135130798544  -177.53710493701607  1258.0595371060347
1.8826723098754883  -407.18135130798544  -177.53710493701607  1258.0595371060347
1.939821720123291  -407.18135130798544  -177.53710493701607  1258.0595371060347
2.021116256713867  -407.18135130798544  -177.53710493701607  1258.0595371060347
2.0902609825134277  -407.18135130798544  -177.53710493701607  1258.0595371060347
2.153987407684326  -407.18135130798544  -177.53710493701607  1258.0595371060347
2.205656051635742  -407.18135130798544  -177.53710493701607  1258.0595371060347
2.2658820152282715  -407.18135130798544  -177.53710493701607  1258.0595371060347
2.3274102210998535  -407.18135130798544  -177.53710493701607  1258.0595371060347
2.4136340618133545  -407.18135130798544  -177.53710493701607  1258.0595371060347
2.528130531311035  -407.18135130798544  -177.53710493701607  1258.0595371060347
2.580862522125244  -407.18135130798544  -177.53710493701607  1258.0595371060347
2.6447556018829346  -407.18135130798544  -177.53710493701607  1258.0595371060347
2.69578218460083  -407.18135130798544  -177.53710493701607  1258.0595371060347
2.7531118392944336  -407.18135130798544  -177.53710493701607  1258.0595371060347
2.810487985610962  -407.18135130798544  -177.53710493701607  1258.0595371060347
2.8802523612976074  -407.18135130798544  -177.53710493701607  1258.0595371060347
2.9367308616638184  -407.18135130798544  -177.53710493701607  1258.0595371060347
3.0116827487945557  -407.18135130798544  -177.53710493701607  1258.0595371060347
3.064075231552124  -407.18135130798544  -177.53710493701607  1258.0595371060347
3.1297478675842285  -407.18135130798544  -177.53710493701607  1258.0595371060347
3.183220863342285  -407.18135130798544  -177.53710493701607  1258.0595371060347
3.2371535301208496  -407.18135130798544  -177.53710493701607  1258.0595371060347
3.312565803527832  -407.18135130798544  -177.53710493701607  1258.0595371060347
3.3687262535095215  -407.18135130798544  -177.53710493701607  1258.0595371060347
3.4192380905151367  -407.18135130798544  -177.53710493701607  1258.0595371060347
3.4877195358276367  -407.18135130798544  -177.53710493701607  1258.0595371060347
3.539902687072754  -407.18135130798544  -177.53710493701607  1258.0595371060347
3.6067399978637695  -407.18135130798544  -177.53710493701607  1258.0595371060347
3.700624465942383  -407.18135130798544  -177.53710493701607  1258.0595371060347
3.753586769104004  -407.18135130798544  -177.53710493701607  1258.0595371060347
3.805692672729492  -407.18135130798544  -177.53710493701607  1258.0595371060347
3.8735086917877197  -407.18135130798544  -177.53710493701607  1258.0595371060347
3.940016269683838  -407.18135130798544  -177.53710493701607  1258.0595371060347
4.0042078495025635  -407.18135130798544  -177.53710493701607  1258.0595371060347
4.069823503494263  -407.18135130798544  -177.53710493701607  1258.0595371060347
4.134778022766113  -407.18135130798544  -177.53710493701607  1258.0595371060347
4.198020696640015  -407.18135130798544  -177.53710493701607  1258.0595371060347
4.267043113708496  -407.18135130798544  -177.53710493701607  1258.0595371060347
4.319755554199219  -407.18135130798544  -177.53710493701607  1258.0595371060347
4.406189203262329  -407.18135130798544  -177.53710493701607  1258.0595371060347
4.476810693740845  -407.18135130798544  -177.53710493701607  1258.0595371060347
4.542123079299927  -407.18135130798544  -177.53710493701607  1258.0595371060347
4.616374492645264  -407.18135130798544  -177.53710493701607  1258.0595371060347
4.6667351722717285  -407.18135130798544  -177.53710493701607  1258.0595371060347
4.757789134979248  -407.18135130798544  -177.53710493701607  1258.0595371060347
4.826717376708984  -407.18135130798544  -177.53710493701607  1258.0595371060347
4.891018390655518  -407.18135130798544  -177.53710493701607  1258.0595371060347
4.962400913238525  -407.18135130798544  -177.53710493701607  1258.0595371060347
5.03012752532959  -407.18135130798544  -177.53710493701607  1258.0595371060347
