0.03993082046508789  -142.23988418346678  -38.92328896710448  1302.8343715771175
0.12152099609375  -142.23988418346678  -38.92328896710448  1302.8343715771175
0.2615382671356201  -142.23988418346678  -38.92328896710448  1302.8343715771175
0.3879380226135254  -142.23988418346678  -38.92328896710448  1302.8343715771175
0.6484720706939697  -142.23988418346678  -38.92328896710448  1302.8343715771175
0.8108701705932617  -142.23988418346678  -38.92328896710448  1302.8343715771175
0.9654598236083984  -142.23988418346678  -38.92328896710448  1302.8343715771175
1.0196890830993652  -142.23988418346678  -38.92328896710448  1302.8343715771175
1.127568244934082  -142.23988418346678  -38.92328896710448  1302.8343715771175
1.5350995063781738  -142.23988418346678  -38.92328896710448  1302.8343715771175
1.6356136798858643  -142.23988418346678  -38.92328896710448  1302.8343715771175
1.723473072052002  -142.23988418346678  -38.92328896710448  1302.8343715771175
1.9825339317321777  -142.23988418346678  -38.92328896710448  1302.8343715771175
2.276442050933838  -142.23988418346678  -38.92328896710448  1302.8343715771175
2.3516063690185547  -142.23988418346678  -38.92328896710448  1302.8343715771175
2.587282419204712  -142.23988418346678  -38.92328896710448  1302.8343715771175
2.7414474487304688  -142.23988418346678  -38.92328896710448  1302.8343715771175
2.855830669403076  -142.23988418346678  -38.92328896710448  1302.8343715771175
3.0656988620758057  -142.23988418346678  -38.92328896710448  1302.8343715771175
3.440396785736084  -142.23988418346678  -38.92328896710448  1302.8343715771175
3.5662519931793213  -142.23988418346678  -38.92328896710448  1302.8343715771175
3.848546028137207  -142.23988418346678  -38.92328896710448  1302.8343715771175
3.9753875732421875  -142.23988418346678  -38.92328896710448  1302.8343715771175
4.31494140625  -142.23988418346678  -38.92328896710448  1302.8343715771175
