0.02311420440673828  -10.297029703533255  71.61142337446456  1051.8332423210363
0.26173877716064453  -10.297029703533255  71.61142337446456  1051.8332423210363
0.6260876655578613  -10.297029703533255  71.61142337446456  1051.8332423210363
0.6825292110443115  -10.297029703533255  71.61142337446456  1051.8332423210363
0.743659496307373  -10.297029703533255  71.61142337446456  1051.8332423210363
0.9518780708312988  -10.297029703533255  71.61142337446456  1051.8332423210363
1.0045475959777832  -10.297029703533255  71.61142337446456  1051.8332423210363
1.144618272781372  -10.297029703533255  71.61142337446456  1051.8332423210363
1.2556557655334473  -10.297029703533255  71.61142337446456  1051.8332423210363
1.3075385093688965  -10.297029703533255  71.61142337446456  1051.8332423210363
1.5000131130218506  -10.297029703533255  71.61142337446456  1051.8332423210363
1.7891521453857422  -10.297029703533255  71.61142337446456  1051.8332423210363
2.152981996536255  -10.297029703533255  71.61142337446456  1051.8332423210363
2.2547354698181152  -10.297029703533255  71.61142337446456  1051.8332423210363
2.7744860649108887  -10.297029703533255  71.61142337446456  1051.8332423210363
2.8756589889526367  -10.297029703533255  71.61142337446456  1051.8332423210363
3.2007946968078613  -10.297029703533255  71.61142337446456  1051.8332423210363
3.3012571334838867  -10.297029703533255  71.61142337446456  1051.8332423210363
3.6714773178100586  -10.297029703533255  71.61142337446456  1051.8332423210363
3.945966958999634  -10.297029703533255  71.61142337446456  1051.8332423210363
4.140936613082886  -10.297029703533255  71.61142337446456  1051.8332423210363
4.253819465637207  -10.297029703533255  71.61142337446456  1051.8332423210363
4.437715530395508  -10.297029703533255  71.61142337446456  1051.8332423210363
4.568838596343994  -10.297029703533255  71.61142337446456  1051.8332423210363
5.086134910583496  -10.297029703533255  71.61142337446456  1051.8332423210363
5.494145154953003  -10.297029703533255  71.61142337446456  1051.8332423210363
5.773964881896973  -10.297029703533255  71.61142337446456  1051.8332423210363
6.04990291595459  -10.297029703533255  71.61142337446456  1051.8332423210363
6.2483625411987305  -10.297029703533255  71.61142337446456  1051.8332423210363
6.415196418762207  -10.297029703533255  71.61142337446456  1051.8332423210363
6.505194425582886  -10.297029703533255  71.61142337446456  1051.8332423210363
6.657305479049683  -10.297029703533255  71.61142337446456  1051.8332423210363
6.716921329498291  -10.297029703533255  71.61142337446456  1051.8332423210363
6.850079536437988  -10.297029703533255  71.61142337446456  1051.8332423210363
6.947116374969482  -10.297029703533255  71.61142337446456  1051.8332423210363
7.062320947647095  -10.297029703533255  71.61142337446456  1051.8332423210363
7.157995223999023  -10.297029703533255  71.61142337446456  1051.8332423210363
7.410187005996704  -10.297029703533255  71.61142337446456  1051.8332423210363
7.482011795043945  -10.297029703533255  71.61142337446456  1051.8332423210363
7.689864158630371  -10.297029703533255  71.61142337446456  1051.8332423210363
8.195957899093628  -10.297029703533255  71.61142337446456  1051.8332423210363
8.363443851470947  -10.297029703533255  71.61142337446456  1051.8332423210363
8.531962633132935  -10.297029703533255  71.61142337446456  1051.8332423210363
8.861982822418213  -10.297029703533255  71.61142337446456  1051.8332423210363
9.082320928573608  -10.297029703533255  71.61142337446456  1051.8332423210363
9.164551973342896  -10.297029703533255  71.61142337446456  1051.8332423210363
9.641504764556885  -10.297029703533255  71.61142337446456  1051.8332423210363
10.016376495361328  -10.297029703533255  71.61142337446456  1051.8332423210363
10.392770051956177  -10.297029703533255  71.61142337446456  1051.8332423210363
11.000901699066162  -10.297029703533255  71.61142337446456  1051.8332423210363
11.082494974136353  -10.297029703533255  71.61142337446456  1051.8332423210363
11.317907333374023  -10.297029703533255  71.61142337446456  1051.8332423210363
11.617164134979248  -10.297029703533255  71.61142337446456  1051.8332423210363
11.859864711761475  -10.297029703533255  71.61142337446456  1051.8332423210363
12.098469495773315  -10.297029703533255  71.61142337446456  1051.8332423210363
12.310853481292725  -10.297029703533255  71.61142337446456  1051.8332423210363
12.71071481704712  -10.297029703533255  71.61142337446456  1051.8332423210363
12.896229267120361  -10.297029703533255  71.61142337446456  1051.8332423210363
13.219003677368164  -10.297029703533255  71.61142337446456  1051.8332423210363
13.654256820678711  -10.297029703533255  71.61142337446456  1051.8332423210363
14.006624937057495  -10.297029703533255  71.61142337446456  1051.8332423210363
14.479597568511963  -10.297029703533255  71.61142337446456  1051.8332423210363
14.688978672027588  -10.297029703533255  71.61142337446456  1051.8332423210363
14.748100757598877  -10.297029703533255  71.61142337446456  1051.8332423210363
14.961534976959229  -10.297029703533255  71.61142337446456  1051.8332423210363
15.107508420944214  -10.297029703533255  71.61142337446456  1051.8332423210363
15.357697010040283  -10.297029703533255  71.61142337446456  1051.8332423210363
15.477608680725098  -10.297029703533255  71.61142337446456  1051.8332423210363
15.647080183029175  -10.297029703533255  71.61142337446456  1051.8332423210363
15.819880962371826  -10.297029703533255  71.61142337446456  1051.8332423210363
16.146535396575928  -10.297029703533255  71.61142337446456  1051.8332423210363
16.616563081741333  -10.297029703533255  71.61142337446456  1051.8332423210363
