0.0  -397.93474574351865  -327.063856985825  1748.650188924966
0.07339715957641602  -397.93474574351865  -327.063856985825  1748.650188924966
0.1722888946533203  -397.93474574351865  -327.063856985825  1748.650188924966
0.3099045753479004  -397.93474574351865  -327.063856985825  1748.650188924966
0.3879380226135254  -397.93474574351865  -327.063856985825  1748.650188924966
0.5660266876220703  -397.93474574351865  -327.063856985825  1748.650188924966
0.6484720706939697  -397.93474574351865  -327.063856985825  1748.650188924966
0.9654598236083984  -397.93474574351865  -327.063856985825  1748.650188924966
1.0196890830993652  -397.93474574351865  -327.063856985825  1748.650188924966
1.127568244934082  -397.93474574351865  -327.063856985825  1748.650188924966
1.3145642280578613  -397.93474574351865  -327.063856985825  1748.650188924966
1.5989141464233398  -397.93474574351865  -327.063856985825  1748.650188924966
1.652400255203247  -397.93474574351865  -327.063856985825  1748.650188924966
1.723473072052002  -397.93474574351865  -327.063856985825  1748.650188924966
1.8219859600067139  -397.93474574351865  -327.063856985825  1748.650188924966
1.9825339317321777  -397.93474574351865  -327.063856985825  1748.650188924966
2.142887592315674  -397.93474574351865  -327.063856985825  1748.650188924966
2.3055248260498047  -397.93474574351865  -327.063856985825  1748.650188924966
2.5134291648864746  -397.93474574351865  -327.063856985825  1748.650188924966
2.610414505004883  -397.93474574351865  -327.063856985825  1748.650188924966
2.6889758110046387  -397.93474574351865  -327.063856985825  1748.650188924966
2.7414474487304688  -397.93474574351865  -327.063856985825  1748.650188924966
2.939039468765259  -397.93474574351865  -327.063856985825  1748.650188924966
3.141544818878174  -397.93474574351865  -327.063856985825  1748.650188924966
3.5274691581726074  -397.93474574351865  -327.063856985825  1748.650188924966
3.61293888092041  -397.93474574351865  -327.063856985825  1748.650188924966
3.89701509475708  -397.93474574351865  -327.063856985825  1748.650188924966
4.187939167022705  -397.93474574351865  -327.063856985825  1748.650188924966
4.31494140625  -397.93474574351865  -327.063856985825  1748.650188924966
