0.0  -301.0167753419573  -501.3453169369275  2067.9073902577215
0.07339715957641602  -301.0167753419573  -501.3453169369275  2067.9073902577215
0.14222192764282227  -301.0167753419573  -501.3453169369275  2067.9073902577215
0.3099045753479004  -301.0167753419573  -501.3453169369275  2067.9073902577215
0.3879380226135254  -301.0167753419573  -501.3453169369275  2067.9073902577215
0.5359780788421631  -301.0167753419573  -501.3453169369275  2067.9073902577215
0.6484720706939697  -301.0167753419573  -501.3453169369275  2067.9073902577215
0.9494049549102783  -301.0167753419573  -501.3453169369275  2067.9073902577215
1.0017945766448975  -301.0167753419573  -501.3453169369275  2067.9073902577215
1.0877618789672852  -301.0167753419573  -501.3453169369275  2067.9073902577215
1.1531486511230469  -301.0167753419573  -501.3453169369275  2067.9073902577215
1.5749540328979492  -301.0167753419573  -501.3453169369275  2067.9073902577215
1.6356136798858643  -301.0167753419573  -501.3453169369275  2067.9073902577215
1.7037367820739746  -301.0167753419573  -501.3453169369275  2067.9073902577215
1.7757325172424316  -301.0167753419573  -501.3453169369275  2067.9073902577215
1.9825339317321777  -301.0167753419573  -501.3453169369275  2067.9073902577215
2.061643600463867  -301.0167753419573  -501.3453169369275  2067.9073902577215
2.3055248260498047  -301.0167753419573  -501.3453169369275  2067.9073902577215
2.4969489574432373  -301.0167753419573  -501.3453169369275  2067.9073902577215
2.610414505004883  -301.0167753419573  -501.3453169369275  2067.9073902577215
2.6889758110046387  -301.0167753419573  -501.3453169369275  2067.9073902577215
2.7414474487304688  -301.0167753419573  -501.3453169369275  2067.9073902577215
2.939039468765259  -301.0167753419573  -501.3453169369275  2067.9073902577215
3.1017794609069824  -301.0167753419573  -501.3453169369275  2067.9073902577215
3.483619213104248  -301.0167753419573  -501.3453169369275  2067.9073902577215
3.5662519931793213  -301.0167753419573  -501.3453169369275  2067.9073902577215
3.89701509475708  -301.0167753419573  -501.3453169369275  2067.9073902577215
4.107353210449219  -301.0167753419573  -501.3453169369275  2067.9073902577215
4.31494140625  -301.0167753419573  -501.3453169369275  2067.9073902577215
