0.0  -445.6514682713863  -282.0045656306183  1571.8748546598838
0.05856633186340332  -445.6514682713863  -282.0045656306183  1571.8748546598838
0.10967278480529785  -445.6514682713863  -282.0045656306183  1571.8748546598838
0.26089906692504883  -445.6514682713863  -282.0045656306183  1571.8748546598838
0.40879321098327637  -445.6514682713863  -282.0045656306183  1571.8748546598838
0.4593040943145752  -445.6514682713863  -282.0045656306183  1571.8748546598838
0.5118062496185303  -445.6514682713863  -282.0045656306183  1571.8748546598838
0.5870463848114014  -445.6514682713863  -282.0045656306183  1571.8748546598838
0.7111554145812988  -445.6514682713863  -282.0045656306183  1571.8748546598838
0.8995187282562256  -445.6514682713863  -282.0045656306183  1571.8748546598838
0.9531481266021729  -445.6514682713863  -282.0045656306183  1571.8748546598838
1.014472246170044  -445.6514682713863  -282.0045656306183  1571.8748546598838
1.112731695175171  -445.6514682713863  -282.0045656306183  1571.8748546598838
1.2020883560180664  -445.6514682713863  -282.0045656306183  1571.8748546598838
1.2581160068511963  -445.6514682713863  -282.0045656306183  1571.8748546598838
1.4640882015228271  -445.6514682713863  -282.0045656306183  1571.8748546598838
1.6153442859649658  -445.6514682713863  -282.0045656306183  1571.8748546598838
1.6728675365447998  -445.6514682713863  -282.0045656306183  1571.8748546598838
1.7688872814178467  -445.6514682713863  -282.0045656306183  1571.8748546598838
1.9303717613220215  -445.6514682713863  -282.0045656306183  1571.8748546598838
2.103929281234741  -445.6514682713863  -282.0045656306183  1571.8748546598838
2.373722791671753  -445.6514682713863  -282.0045656306183  1571.8748546598838
2.436769723892212  -445.6514682713863  -282.0045656306183  1571.8748546598838
2.5729472637176514  -445.6514682713863  -282.0045656306183  1571.8748546598838
2.668321371078491  -445.6514682713863  -282.0045656306183  1571.8748546598838
2.7758991718292236  -445.6514682713863  -282.0045656306183  1571.8748546598838
2.828727960586548  -445.6514682713863  -282.0045656306183  1571.8748546598838
2.955984115600586  -445.6514682713863  -282.0045656306183  1571.8748546598838
3.100043773651123  -445.6514682713863  -282.0045656306183  1571.8748546598838
3.222217321395874  -445.6514682713863  -282.0045656306183  1571.8748546598838
3.3098671436309814  -445.6514682713863  -282.0045656306183  1571.8748546598838
3.4934592247009277  -445.6514682713863  -282.0045656306183  1571.8748546598838
3.6204135417938232  -445.6514682713863  -282.0045656306183  1571.8748546598838
3.695349931716919  -445.6514682713863  -282.0045656306183  1571.8748546598838
3.756669282913208  -445.6514682713863  -282.0045656306183  1571.8748546598838
3.8616528511047363  -445.6514682713863  -282.0045656306183  1571.8748546598838
4.09904146194458  -445.6514682713863  -282.0045656306183  1571.8748546598838
4.224628210067749  -445.6514682713863  -282.0045656306183  1571.8748546598838
4.579505681991577  -445.6514682713863  -282.0045656306183  1571.8748546598838
4.7422144412994385  -445.6514682713863  -282.0045656306183  1571.8748546598838
4.85155987739563  -445.6514682713863  -282.0045656306183  1571.8748546598838
5.253778696060181  -445.6514682713863  -282.0045656306183  1571.8748546598838
5.460596323013306  -445.6514682713863  -282.0045656306183  1571.8748546598838
5.709867000579834  -445.6514682713863  -282.0045656306183  1571.8748546598838
5.900957822799683  -445.6514682713863  -282.0045656306183  1571.8748546598838
6.0082361698150635  -445.6514682713863  -282.0045656306183  1571.8748546598838
6.078907251358032  -445.6514682713863  -282.0045656306183  1571.8748546598838
6.1473069190979  -445.6514682713863  -282.0045656306183  1571.8748546598838
6.2153565883636475  -445.6514682713863  -282.0045656306183  1571.8748546598838
6.315965414047241  -445.6514682713863  -282.0045656306183  1571.8748546598838
6.397332668304443  -445.6514682713863  -282.0045656306183  1571.8748546598838
6.544379472732544  -445.6514682713863  -282.0045656306183  1571.8748546598838
6.604368448257446  -445.6514682713863  -282.0045656306183  1571.8748546598838
6.698585748672485  -445.6514682713863  -282.0045656306183  1571.8748546598838
6.7670557498931885  -445.6514682713863  -282.0045656306183  1571.8748546598838
6.9109742641448975  -445.6514682713863  -282.0045656306183  1571.8748546598838
6.9769508838653564  -445.6514682713863  -282.0045656306183  1571.8748546598838
7.087549924850464  -445.6514682713863  -282.0045656306183  1571.8748546598838
7.18715500831604  -445.6514682713863  -282.0045656306183  1571.8748546598838
7.244039058685303  -445.6514682713863  -282.0045656306183  1571.8748546598838
7.3575146198272705  -445.6514682713863  -282.0045656306183  1571.8748546598838
7.407644033432007  -445.6514682713863  -282.0045656306183  1571.8748546598838
7.5297768115997314  -445.6514682713863  -282.0045656306183  1571.8748546598838
7.614619970321655  -445.6514682713863  -282.0045656306183  1571.8748546598838
7.713923215866089  -445.6514682713863  -282.0045656306183  1571.8748546598838
7.77503514289856  -445.6514682713863  -282.0045656306183  1571.8748546598838
7.872091054916382  -445.6514682713863  -282.0045656306183  1571.8748546598838
7.9478600025177  -445.6514682713863  -282.0045656306183  1571.8748546598838
8.010512590408325  -445.6514682713863  -282.0045656306183  1571.8748546598838
8.096397161483765  -445.6514682713863  -282.0045656306183  1571.8748546598838
8.176861047744751  -445.6514682713863  -282.0045656306183  1571.8748546598838
8.275676965713501  -445.6514682713863  -282.0045656306183  1571.8748546598838
8.435320854187012  -445.6514682713863  -282.0045656306183  1571.8748546598838
8.589142084121704  -445.6514682713863  -282.0045656306183  1571.8748546598838
8.696975231170654  -445.6514682713863  -282.0045656306183  1571.8748546598838
8.779903650283813  -445.6514682713863  -282.0045656306183  1571.8748546598838
8.91932988166809  -445.6514682713863  -282.0045656306183  1571.8748546598838
9.080799341201782  -445.6514682713863  -282.0045656306183  1571.8748546598838
9.157286405563354  -445.6514682713863  -282.0045656306183  1571.8748546598838
9.212094068527222  -445.6514682713863  -282.0045656306183  1571.8748546598838
9.307737350463867  -445.6514682713863  -282.0045656306183  1571.8748546598838
9.360958337783813  -445.6514682713863  -282.0045656306183  1571.8748546598838
9.428134679794312  -445.6514682713863  -282.0045656306183  1571.8748546598838
9.48280143737793  -445.6514682713863  -282.0045656306183  1571.8748546598838
9.56027340888977  -445.6514682713863  -282.0045656306183  1571.8748546598838
9.636247158050537  -445.6514682713863  -282.0045656306183  1571.8748546598838
9.73634648323059  -445.6514682713863  -282.0045656306183  1571.8748546598838
9.796437501907349  -445.6514682713863  -282.0045656306183  1571.8748546598838
9.94448184967041  -445.6514682713863  -282.0045656306183  1571.8748546598838
10.00999903678894  -445.6514682713863  -282.0045656306183  1571.8748546598838
10.160342931747437  -445.6514682713863  -282.0045656306183  1571.8748546598838
10.210775375366211  -445.6514682713863  -282.0045656306183  1571.8748546598838
10.373484373092651  -445.6514682713863  -282.0045656306183  1571.8748546598838
10.442438125610352  -445.6514682713863  -282.0045656306183  1571.8748546598838
10.562235593795776  -445.6514682713863  -282.0045656306183  1571.8748546598838
10.657994985580444  -445.6514682713863  -282.0045656306183  1571.8748546598838
10.838132381439209  -445.6514682713863  -282.0045656306183  1571.8748546598838
10.919793367385864  -445.6514682713863  -282.0045656306183  1571.8748546598838
11.002971887588501  -445.6514682713863  -282.0045656306183  1571.8748546598838
11.065988779067993  -445.6514682713863  -282.0045656306183  1571.8748546598838
11.184288740158081  -445.6514682713863  -282.0045656306183  1571.8748546598838
11.236787796020508  -445.6514682713863  -282.0045656306183  1571.8748546598838
11.316039562225342  -445.6514682713863  -282.0045656306183  1571.8748546598838
11.429420948028564  -445.6514682713863  -282.0045656306183  1571.8748546598838
11.498189687728882  -445.6514682713863  -282.0045656306183  1571.8748546598838
11.680568218231201  -445.6514682713863  -282.0045656306183  1571.8748546598838
11.796770572662354  -445.6514682713863  -282.0045656306183  1571.8748546598838
12.030755281448364  -445.6514682713863  -282.0045656306183  1571.8748546598838
12.124054908752441  -445.6514682713863  -282.0045656306183  1571.8748546598838
12.178521871566772  -445.6514682713863  -282.0045656306183  1571.8748546598838
12.297641515731812  -445.6514682713863  -282.0045656306183  1571.8748546598838
12.374072313308716  -445.6514682713863  -282.0045656306183  1571.8748546598838
12.442927122116089  -445.6514682713863  -282.0045656306183  1571.8748546598838
12.518937349319458  -445.6514682713863  -282.0045656306183  1571.8748546598838
12.653793334960938  -445.6514682713863  -282.0045656306183  1571.8748546598838
12.750890970230103  -445.6514682713863  -282.0045656306183  1571.8748546598838
12.845267295837402  -445.6514682713863  -282.0045656306183  1571.8748546598838
12.976531744003296  -445.6514682713863  -282.0045656306183  1571.8748546598838
13.046612024307251  -445.6514682713863  -282.0045656306183  1571.8748546598838
13.159337759017944  -445.6514682713863  -282.0045656306183  1571.8748546598838
13.245634317398071  -445.6514682713863  -282.0045656306183  1571.8748546598838
13.308704614639282  -445.6514682713863  -282.0045656306183  1571.8748546598838
13.416442155838013  -445.6514682713863  -282.0045656306183  1571.8748546598838
13.478628873825073  -445.6514682713863  -282.0045656306183  1571.8748546598838
