0.02311420440673828  -41.61339543736857  -246.66425823121492  1544.9069986625286
0.26173877716064453  -41.61339543736857  -246.66425823121492  1544.9069986625286
0.6260876655578613  -41.61339543736857  -246.66425823121492  1544.9069986625286
0.6825292110443115  -41.61339543736857  -246.66425823121492  1544.9069986625286
0.743659496307373  -41.61339543736857  -246.66425823121492  1544.9069986625286
0.9518780708312988  -41.61339543736857  -246.66425823121492  1544.9069986625286
1.0045475959777832  -41.61339543736857  -246.66425823121492  1544.9069986625286
1.144618272781372  -41.61339543736857  -246.66425823121492  1544.9069986625286
1.2556557655334473  -41.61339543736857  -246.66425823121492  1544.9069986625286
1.3075385093688965  -41.61339543736857  -246.66425823121492  1544.9069986625286
1.5000131130218506  -41.61339543736857  -246.66425823121492  1544.9069986625286
1.7891521453857422  -41.61339543736857  -246.66425823121492  1544.9069986625286
2.152981996536255  -41.61339543736857  -246.66425823121492  1544.9069986625286
2.2547354698181152  -41.61339543736857  -246.66425823121492  1544.9069986625286
2.695202350616455  -41.61339543736857  -246.66425823121492  1544.9069986625286
2.8756589889526367  -41.61339543736857  -246.66425823121492  1544.9069986625286
3.1432485580444336  -41.61339543736857  -246.66425823121492  1544.9069986625286
3.3012571334838867  -41.61339543736857  -246.66425823121492  1544.9069986625286
3.6714773178100586  -41.61339543736857  -246.66425823121492  1544.9069986625286
3.945966958999634  -41.61339543736857  -246.66425823121492  1544.9069986625286
4.140936613082886  -41.61339543736857  -246.66425823121492  1544.9069986625286
4.253819465637207  -41.61339543736857  -246.66425823121492  1544.9069986625286
4.437715530395508  -41.61339543736857  -246.66425823121492  1544.9069986625286
4.568838596343994  -41.61339543736857  -246.66425823121492  1544.9069986625286
4.940999507904053  -41.61339543736857  -246.66425823121492  1544.9069986625286
5.3461761474609375  -41.61339543736857  -246.66425823121492  1544.9069986625286
5.716035842895508  -41.61339543736857  -246.66425823121492  1544.9069986625286
5.987820625305176  -41.61339543736857  -246.66425823121492  1544.9069986625286
6.2483625411987305  -41.61339543736857  -246.66425823121492  1544.9069986625286
6.360246658325195  -41.61339543736857  -246.66425823121492  1544.9069986625286
6.4867730140686035  -41.61339543736857  -246.66425823121492  1544.9069986625286
6.657305479049683  -41.61339543736857  -246.66425823121492  1544.9069986625286
6.716921329498291  -41.61339543736857  -246.66425823121492  1544.9069986625286
6.804521322250366  -41.61339543736857  -246.66425823121492  1544.9069986625286
6.947116374969482  -41.61339543736857  -246.66425823121492  1544.9069986625286
7.034700632095337  -41.61339543736857  -246.66425823121492  1544.9069986625286
7.157995223999023  -41.61339543736857  -246.66425823121492  1544.9069986625286
7.410187005996704  -41.61339543736857  -246.66425823121492  1544.9069986625286
7.482011795043945  -41.61339543736857  -246.66425823121492  1544.9069986625286
7.627679824829102  -41.61339543736857  -246.66425823121492  1544.9069986625286
8.109827995300293  -41.61339543736857  -246.66425823121492  1544.9069986625286
8.322144508361816  -41.61339543736857  -246.66425823121492  1544.9069986625286
8.388521432876587  -41.61339543736857  -246.66425823121492  1544.9069986625286
8.531962633132935  -41.61339543736857  -246.66425823121492  1544.9069986625286
8.7715163230896  -41.61339543736857  -246.66425823121492  1544.9069986625286
8.951091766357422  -41.61339543736857  -246.66425823121492  1544.9069986625286
9.14223051071167  -41.61339543736857  -246.66425823121492  1544.9069986625286
9.511489868164062  -41.61339543736857  -246.66425823121492  1544.9069986625286
9.970776081085205  -41.61339543736857  -246.66425823121492  1544.9069986625286
10.358095407485962  -41.61339543736857  -246.66425823121492  1544.9069986625286
10.611143827438354  -41.61339543736857  -246.66425823121492  1544.9069986625286
11.000901699066162  -41.61339543736857  -246.66425823121492  1544.9069986625286
11.082494974136353  -41.61339543736857  -246.66425823121492  1544.9069986625286
11.264248132705688  -41.61339543736857  -246.66425823121492  1544.9069986625286
11.351563453674316  -41.61339543736857  -246.66425823121492  1544.9069986625286
11.569186210632324  -41.61339543736857  -246.66425823121492  1544.9069986625286
11.710554838180542  -41.61339543736857  -246.66425823121492  1544.9069986625286
11.985864400863647  -41.61339543736857  -246.66425823121492  1544.9069986625286
12.282772541046143  -41.61339543736857  -246.66425823121492  1544.9069986625286
12.625546932220459  -41.61339543736857  -246.66425823121492  1544.9069986625286
12.896229267120361  -41.61339543736857  -246.66425823121492  1544.9069986625286
13.151106595993042  -41.61339543736857  -246.66425823121492  1544.9069986625286
13.595027923583984  -41.61339543736857  -246.66425823121492  1544.9069986625286
14.006624937057495  -41.61339543736857  -246.66425823121492  1544.9069986625286
14.412661075592041  -41.61339543736857  -246.66425823121492  1544.9069986625286
14.479597568511963  -41.61339543736857  -246.66425823121492  1544.9069986625286
14.688978672027588  -41.61339543736857  -246.66425823121492  1544.9069986625286
14.748100757598877  -41.61339543736857  -246.66425823121492  1544.9069986625286
14.961534976959229  -41.61339543736857  -246.66425823121492  1544.9069986625286
15.107508420944214  -41.61339543736857  -246.66425823121492  1544.9069986625286
15.357697010040283  -41.61339543736857  -246.66425823121492  1544.9069986625286
15.477608680725098  -41.61339543736857  -246.66425823121492  1544.9069986625286
15.626892566680908  -41.61339543736857  -246.66425823121492  1544.9069986625286
15.779438972473145  -41.61339543736857  -246.66425823121492  1544.9069986625286
16.146535396575928  -41.61339543736857  -246.66425823121492  1544.9069986625286
16.616563081741333  -41.61339543736857  -246.66425823121492  1544.9069986625286
