0.03993082046508789  -52.062328902383506  -223.4213164076185  1661.1342844115586
0.1050117015838623  -52.062328902383506  -223.4213164076185  1661.1342844115586
0.20772266387939453  -52.062328902383506  -223.4213164076185  1661.1342844115586
0.3099045753479004  -52.062328902383506  -223.4213164076185  1661.1342844115586
0.3879380226135254  -52.062328902383506  -223.4213164076185  1661.1342844115586
0.6484720706939697  -52.062328902383506  -223.4213164076185  1661.1342844115586
0.786994457244873  -52.062328902383506  -223.4213164076185  1661.1342844115586
0.9654598236083984  -52.062328902383506  -223.4213164076185  1661.1342844115586
1.0196890830993652  -52.062328902383506  -223.4213164076185  1661.1342844115586
1.127568244934082  -52.062328902383506  -223.4213164076185  1661.1342844115586
1.478518009185791  -52.062328902383506  -223.4213164076185  1661.1342844115586
1.6356136798858643  -52.062328902383506  -223.4213164076185  1661.1342844115586
1.723473072052002  -52.062328902383506  -223.4213164076185  1661.1342844115586
1.9825339317321777  -52.062328902383506  -223.4213164076185  1661.1342844115586
2.2414815425872803  -52.062328902383506  -223.4213164076185  1661.1342844115586
2.3055248260498047  -52.062328902383506  -223.4213164076185  1661.1342844115586
2.587282419204712  -52.062328902383506  -223.4213164076185  1661.1342844115586
2.6889758110046387  -52.062328902383506  -223.4213164076185  1661.1342844115586
2.7809739112854004  -52.062328902383506  -223.4213164076185  1661.1342844115586
3.0576040744781494  -52.062328902383506  -223.4213164076185  1661.1342844115586
3.3853368759155273  -52.062328902383506  -223.4213164076185  1661.1342844115586
3.5662519931793213  -52.062328902383506  -223.4213164076185  1661.1342844115586
3.848546028137207  -52.062328902383506  -223.4213164076185  1661.1342844115586
3.9753875732421875  -52.062328902383506  -223.4213164076185  1661.1342844115586
4.31494140625  -52.062328902383506  -223.4213164076185  1661.1342844115586
