0.0  -445.6514682713863  -282.0045656306183  1571.8748546598838
0.0950014591217041  -445.6514682713863  -282.0045656306183  1571.8748546598838
0.26173877716064453  -445.6514682713863  -282.0045656306183  1571.8748546598838
0.561051607131958  -445.6514682713863  -282.0045656306183  1571.8748546598838
0.6260876655578613  -445.6514682713863  -282.0045656306183  1571.8748546598838
0.6825292110443115  -445.6514682713863  -282.0045656306183  1571.8748546598838
0.743659496307373  -445.6514682713863  -282.0045656306183  1571.8748546598838
0.8686928749084473  -445.6514682713863  -282.0045656306183  1571.8748546598838
0.9518780708312988  -445.6514682713863  -282.0045656306183  1571.8748546598838
1.0045475959777832  -445.6514682713863  -282.0045656306183  1571.8748546598838
1.1114542484283447  -445.6514682713863  -282.0045656306183  1571.8748546598838
1.2556557655334473  -445.6514682713863  -282.0045656306183  1571.8748546598838
1.3075385093688965  -445.6514682713863  -282.0045656306183  1571.8748546598838
1.3994464874267578  -445.6514682713863  -282.0045656306183  1571.8748546598838
1.532759189605713  -445.6514682713863  -282.0045656306183  1571.8748546598838
1.6960327625274658  -445.6514682713863  -282.0045656306183  1571.8748546598838
1.7891521453857422  -445.6514682713863  -282.0045656306183  1571.8748546598838
1.968874216079712  -445.6514682713863  -282.0045656306183  1571.8748546598838
2.178900718688965  -445.6514682713863  -282.0045656306183  1571.8748546598838
2.2547354698181152  -445.6514682713863  -282.0045656306183  1571.8748546598838
2.3652892112731934  -445.6514682713863  -282.0045656306183  1571.8748546598838
2.853358268737793  -445.6514682713863  -282.0045656306183  1571.8748546598838
2.910886287689209  -445.6514682713863  -282.0045656306183  1571.8748546598838
3.214787483215332  -445.6514682713863  -282.0045656306183  1571.8748546598838
3.3012571334838867  -445.6514682713863  -282.0045656306183  1571.8748546598838
3.388434410095215  -445.6514682713863  -282.0045656306183  1571.8748546598838
3.6714773178100586  -445.6514682713863  -282.0045656306183  1571.8748546598838
3.945966958999634  -445.6514682713863  -282.0045656306183  1571.8748546598838
4.01804780960083  -445.6514682713863  -282.0045656306183  1571.8748546598838
4.1995849609375  -445.6514682713863  -282.0045656306183  1571.8748546598838
4.29772424697876  -445.6514682713863  -282.0045656306183  1571.8748546598838
4.568838596343994  -445.6514682713863  -282.0045656306183  1571.8748546598838
4.688960075378418  -445.6514682713863  -282.0045656306183  1571.8748546598838
5.172641754150391  -445.6514682713863  -282.0045656306183  1571.8748546598838
5.606814384460449  -445.6514682713863  -282.0045656306183  1571.8748546598838
5.848160266876221  -445.6514682713863  -282.0045656306183  1571.8748546598838
6.138761758804321  -445.6514682713863  -282.0045656306183  1571.8748546598838
6.2483625411987305  -445.6514682713863  -282.0045656306183  1571.8748546598838
6.360246658325195  -445.6514682713863  -282.0045656306183  1571.8748546598838
6.415196418762207  -445.6514682713863  -282.0045656306183  1571.8748546598838
6.657305479049683  -445.6514682713863  -282.0045656306183  1571.8748546598838
6.716921329498291  -445.6514682713863  -282.0045656306183  1571.8748546598838
6.804521322250366  -445.6514682713863  -282.0045656306183  1571.8748546598838
6.9120564460754395  -445.6514682713863  -282.0045656306183  1571.8748546598838
6.986163854598999  -445.6514682713863  -282.0045656306183  1571.8748546598838
7.062320947647095  -445.6514682713863  -282.0045656306183  1571.8748546598838
7.157995223999023  -445.6514682713863  -282.0045656306183  1571.8748546598838
7.3092193603515625  -445.6514682713863  -282.0045656306183  1571.8748546598838
7.4370832443237305  -445.6514682713863  -282.0045656306183  1571.8748546598838
7.49662184715271  -445.6514682713863  -282.0045656306183  1571.8748546598838
7.812127351760864  -445.6514682713863  -282.0045656306183  1571.8748546598838
8.195957899093628  -445.6514682713863  -282.0045656306183  1571.8748546598838
8.363443851470947  -445.6514682713863  -282.0045656306183  1571.8748546598838
8.488233089447021  -445.6514682713863  -282.0045656306183  1571.8748546598838
8.644938468933105  -445.6514682713863  -282.0045656306183  1571.8748546598838
8.928484678268433  -445.6514682713863  -282.0045656306183  1571.8748546598838
9.14223051071167  -445.6514682713863  -282.0045656306183  1571.8748546598838
9.242680549621582  -445.6514682713863  -282.0045656306183  1571.8748546598838
9.720690488815308  -445.6514682713863  -282.0045656306183  1571.8748546598838
10.179047584533691  -445.6514682713863  -282.0045656306183  1571.8748546598838
10.44905424118042  -445.6514682713863  -282.0045656306183  1571.8748546598838
10.815466403961182  -445.6514682713863  -282.0045656306183  1571.8748546598838
11.000901699066162  -445.6514682713863  -282.0045656306183  1571.8748546598838
11.090811014175415  -445.6514682713863  -282.0045656306183  1571.8748546598838
11.181750297546387  -445.6514682713863  -282.0045656306183  1571.8748546598838
11.351563453674316  -445.6514682713863  -282.0045656306183  1571.8748546598838
11.484712362289429  -445.6514682713863  -282.0045656306183  1571.8748546598838
11.617164134979248  -445.6514682713863  -282.0045656306183  1571.8748546598838
11.981919765472412  -445.6514682713863  -282.0045656306183  1571.8748546598838
12.122600793838501  -445.6514682713863  -282.0045656306183  1571.8748546598838
12.310853481292725  -445.6514682713863  -282.0045656306183  1571.8748546598838
12.770364761352539  -445.6514682713863  -282.0045656306183  1571.8748546598838
12.896229267120361  -445.6514682713863  -282.0045656306183  1571.8748546598838
12.988858461380005  -445.6514682713863  -282.0045656306183  1571.8748546598838
13.350229740142822  -445.6514682713863  -282.0045656306183  1571.8748546598838
13.794697999954224  -445.6514682713863  -282.0045656306183  1571.8748546598838
14.177040576934814  -445.6514682713863  -282.0045656306183  1571.8748546598838
14.479597568511963  -445.6514682713863  -282.0045656306183  1571.8748546598838
14.554639339447021  -445.6514682713863  -282.0045656306183  1571.8748546598838
14.688978672027588  -445.6514682713863  -282.0045656306183  1571.8748546598838
14.748100757598877  -445.6514682713863  -282.0045656306183  1571.8748546598838
14.944879055023193  -445.6514682713863  -282.0045656306183  1571.8748546598838
15.072691679000854  -445.6514682713863  -282.0045656306183  1571.8748546598838
15.222165584564209  -445.6514682713863  -282.0045656306183  1571.8748546598838
15.447249412536621  -445.6514682713863  -282.0045656306183  1571.8748546598838
15.572178363800049  -445.6514682713863  -282.0045656306183  1571.8748546598838
15.655051469802856  -445.6514682713863  -282.0045656306183  1571.8748546598838
15.742037057876587  -445.6514682713863  -282.0045656306183  1571.8748546598838
15.95153021812439  -445.6514682713863  -282.0045656306183  1571.8748546598838
16.17668628692627  -445.6514682713863  -282.0045656306183  1571.8748546598838
16.356534004211426  -445.6514682713863  -282.0045656306183  1571.8748546598838
16.605026483535767  -445.6514682713863  -282.0045656306183  1571.8748546598838
