0.02311420440673828  -21.23368918211141  -37.193567327986194  1206.26190141784
0.26173877716064453  -21.23368918211141  -37.193567327986194  1206.26190141784
0.6260876655578613  -21.23368918211141  -37.193567327986194  1206.26190141784
0.6825292110443115  -21.23368918211141  -37.193567327986194  1206.26190141784
0.743659496307373  -21.23368918211141  -37.193567327986194  1206.26190141784
0.9518780708312988  -21.23368918211141  -37.193567327986194  1206.26190141784
1.0045475959777832  -21.23368918211141  -37.193567327986194  1206.26190141784
1.144618272781372  -21.23368918211141  -37.193567327986194  1206.26190141784
1.2556557655334473  -21.23368918211141  -37.193567327986194  1206.26190141784
1.3075385093688965  -21.23368918211141  -37.193567327986194  1206.26190141784
1.5000131130218506  -21.23368918211141  -37.193567327986194  1206.26190141784
1.7891521453857422  -21.23368918211141  -37.193567327986194  1206.26190141784
2.152981996536255  -21.23368918211141  -37.193567327986194  1206.26190141784
2.2547354698181152  -21.23368918211141  -37.193567327986194  1206.26190141784
2.7744860649108887  -21.23368918211141  -37.193567327986194  1206.26190141784
2.8756589889526367  -21.23368918211141  -37.193567327986194  1206.26190141784
3.2007946968078613  -21.23368918211141  -37.193567327986194  1206.26190141784
3.3012571334838867  -21.23368918211141  -37.193567327986194  1206.26190141784
3.6714773178100586  -21.23368918211141  -37.193567327986194  1206.26190141784
3.945966958999634  -21.23368918211141  -37.193567327986194  1206.26190141784
4.140936613082886  -21.23368918211141  -37.193567327986194  1206.26190141784
4.253819465637207  -21.23368918211141  -37.193567327986194  1206.26190141784
4.437715530395508  -21.23368918211141  -37.193567327986194  1206.26190141784
4.568838596343994  -21.23368918211141  -37.193567327986194  1206.26190141784
4.978957891464233  -21.23368918211141  -37.193567327986194  1206.26190141784
5.483458518981934  -21.23368918211141  -37.193567327986194  1206.26190141784
5.716035842895508  -21.23368918211141  -37.193567327986194  1206.26190141784
6.0286524295806885  -21.23368918211141  -37.193567327986194  1206.26190141784
6.2483625411987305  -21.23368918211141  -37.193567327986194  1206.26190141784
6.415196418762207  -21.23368918211141  -37.193567327986194  1206.26190141784
6.505194425582886  -21.23368918211141  -37.193567327986194  1206.26190141784
6.657305479049683  -21.23368918211141  -37.193567327986194  1206.26190141784
6.716921329498291  -21.23368918211141  -37.193567327986194  1206.26190141784
6.850079536437988  -21.23368918211141  -37.193567327986194  1206.26190141784
6.947116374969482  -21.23368918211141  -37.193567327986194  1206.26190141784
7.062320947647095  -21.23368918211141  -37.193567327986194  1206.26190141784
7.157995223999023  -21.23368918211141  -37.193567327986194  1206.26190141784
7.410187005996704  -21.23368918211141  -37.193567327986194  1206.26190141784
7.482011795043945  -21.23368918211141  -37.193567327986194  1206.26190141784
7.667592287063599  -21.23368918211141  -37.193567327986194  1206.26190141784
8.162281036376953  -21.23368918211141  -37.193567327986194  1206.26190141784
8.363443851470947  -21.23368918211141  -37.193567327986194  1206.26190141784
8.531962633132935  -21.23368918211141  -37.193567327986194  1206.26190141784
8.794919490814209  -21.23368918211141  -37.193567327986194  1206.26190141784
9.056797981262207  -21.23368918211141  -37.193567327986194  1206.26190141784
9.14223051071167  -21.23368918211141  -37.193567327986194  1206.26190141784
9.613101959228516  -21.23368918211141  -37.193567327986194  1206.26190141784
10.016376495361328  -21.23368918211141  -37.193567327986194  1206.26190141784
10.358095407485962  -21.23368918211141  -37.193567327986194  1206.26190141784
10.611143827438354  -21.23368918211141  -37.193567327986194  1206.26190141784
11.000901699066162  -21.23368918211141  -37.193567327986194  1206.26190141784
11.082494974136353  -21.23368918211141  -37.193567327986194  1206.26190141784
11.317907333374023  -21.23368918211141  -37.193567327986194  1206.26190141784
11.592134952545166  -21.23368918211141  -37.193567327986194  1206.26190141784
11.760063171386719  -21.23368918211141  -37.193567327986194  1206.26190141784
12.056172132492065  -21.23368918211141  -37.193567327986194  1206.26190141784
12.310853481292725  -21.23368918211141  -37.193567327986194  1206.26190141784
12.71071481704712  -21.23368918211141  -37.193567327986194  1206.26190141784
12.896229267120361  -21.23368918211141  -37.193567327986194  1206.26190141784
13.212108612060547  -21.23368918211141  -37.193567327986194  1206.26190141784
13.654256820678711  -21.23368918211141  -37.193567327986194  1206.26190141784
14.006624937057495  -21.23368918211141  -37.193567327986194  1206.26190141784
14.479597568511963  -21.23368918211141  -37.193567327986194  1206.26190141784
14.688978672027588  -21.23368918211141  -37.193567327986194  1206.26190141784
14.748100757598877  -21.23368918211141  -37.193567327986194  1206.26190141784
14.961534976959229  -21.23368918211141  -37.193567327986194  1206.26190141784
15.107508420944214  -21.23368918211141  -37.193567327986194  1206.26190141784
15.357697010040283  -21.23368918211141  -37.193567327986194  1206.26190141784
15.477608680725098  -21.23368918211141  -37.193567327986194  1206.26190141784
15.626892566680908  -21.23368918211141  -37.193567327986194  1206.26190141784
15.819880962371826  -21.23368918211141  -37.193567327986194  1206.26190141784
16.146535396575928  -21.23368918211141  -37.193567327986194  1206.26190141784
16.616563081741333  -21.23368918211141  -37.193567327986194  1206.26190141784
