0.0  -412.7209699390423  -522.8546247936738  1440.360712727245
0.0564732551574707  -412.7209699390423  -522.8546247936738  1440.360712727245
0.13069748878479004  -412.7209699390423  -522.8546247936738  1440.360712727245
0.19559526443481445  -412.7209699390423  -522.8546247936738  1440.360712727245
0.26629137992858887  -412.7209699390423  -522.8546247936738  1440.360712727245
0.3335890769958496  -412.7209699390423  -522.8546247936738  1440.360712727245
0.3921351432800293  -412.7209699390423  -522.8546247936738  1440.360712727245
0.4665560722351074  -412.7209699390423  -522.8546247936738  1440.360712727245
0.5219149589538574  -412.7209699390423  -522.8546247936738  1440.360712727245
0.5874676704406738  -412.7209699390423  -522.8546247936738  1440.360712727245
0.6563591957092285  -412.7209699390423  -522.8546247936738  1440.360712727245
0.7094736099243164  -412.7209699390423  -522.8546247936738  1440.360712727245
0.8010406494140625  -412.7209699390423  -522.8546247936738  1440.360712727245
0.8537735939025879  -412.7209699390423  -522.8546247936738  1440.360712727245
0.9313321113586426  -412.7209699390423  -522.8546247936738  1440.360712727245
1.0046701431274414  -412.7209699390423  -522.8546247936738  1440.360712727245
1.054945468902588  -412.7209699390423  -522.8546247936738  1440.360712727245
1.1534042358398438  -412.7209699390423  -522.8546247936738  1440.360712727245
1.2048099040985107  -412.7209699390423  -522.8546247936738  1440.360712727245
1.257760763168335  -412.7209699390423  -522.8546247936738  1440.360712727245
1.3275542259216309  -412.7209699390423  -522.8546247936738  1440.360712727245
1.3799262046813965  -412.7209699390423  -522.8546247936738  1440.360712727245
1.4302501678466797  -412.7209699390423  -522.8546247936738  1440.360712727245
1.4820218086242676  -412.7209699390423  -522.8546247936738  1440.360712727245
1.5344738960266113  -412.7209699390423  -522.8546247936738  1440.360712727245
1.609656810760498  -412.7209699390423  -522.8546247936738  1440.360712727245
1.6777117252349854  -412.7209699390423  -522.8546247936738  1440.360712727245
1.7311334609985352  -412.7209699390423  -522.8546247936738  1440.360712727245
1.8037269115447998  -412.7209699390423  -522.8546247936738  1440.360712727245
1.856947422027588  -412.7209699390423  -522.8546247936738  1440.360712727245
1.9300217628479004  -412.7209699390423  -522.8546247936738  1440.360712727245
1.985569953918457  -412.7209699390423  -522.8546247936738  1440.360712727245
2.0542473793029785  -412.7209699390423  -522.8546247936738  1440.360712727245
2.11210560798645  -412.7209699390423  -522.8546247936738  1440.360712727245
2.18742036819458  -412.7209699390423  -522.8546247936738  1440.360712727245
2.2406768798828125  -412.7209699390423  -522.8546247936738  1440.360712727245
2.316091537475586  -412.7209699390423  -522.8546247936738  1440.360712727245
2.386476516723633  -412.7209699390423  -522.8546247936738  1440.360712727245
2.456583023071289  -412.7209699390423  -522.8546247936738  1440.360712727245
2.520078659057617  -412.7209699390423  -522.8546247936738  1440.360712727245
2.5845935344696045  -412.7209699390423  -522.8546247936738  1440.360712727245
2.6383056640625  -412.7209699390423  -522.8546247936738  1440.360712727245
2.7089929580688477  -412.7209699390423  -522.8546247936738  1440.360712727245
2.802072525024414  -412.7209699390423  -522.8546247936738  1440.360712727245
2.8628740310668945  -412.7209699390423  -522.8546247936738  1440.360712727245
2.9327359199523926  -412.7209699390423  -522.8546247936738  1440.360712727245
3.007260322570801  -412.7209699390423  -522.8546247936738  1440.360712727245
3.083284378051758  -412.7209699390423  -522.8546247936738  1440.360712727245
3.1551098823547363  -412.7209699390423  -522.8546247936738  1440.360712727245
3.207855224609375  -412.7209699390423  -522.8546247936738  1440.360712727245
3.2803797721862793  -412.7209699390423  -522.8546247936738  1440.360712727245
3.3345091342926025  -412.7209699390423  -522.8546247936738  1440.360712727245
