0.026778697967529297  -33.57624349780339  -97.72132821879399  921.4273320253708
0.13398122787475586  -33.57624349780339  -97.72132821879399  921.4273320253708
0.24888348579406738  -33.57624349780339  -97.72132821879399  921.4273320253708
0.31777000427246094  -33.57624349780339  -97.72132821879399  921.4273320253708
0.38454103469848633  -33.57624349780339  -97.72132821879399  921.4273320253708
0.45120978355407715  -33.57624349780339  -97.72132821879399  921.4273320253708
0.5315227508544922  -33.57624349780339  -97.72132821879399  921.4273320253708
0.6114683151245117  -33.57624349780339  -97.72132821879399  921.4273320253708
0.668891429901123  -33.57624349780339  -97.72132821879399  921.4273320253708
0.7295799255371094  -33.57624349780339  -97.72132821879399  921.4273320253708
0.8157651424407959  -33.57624349780339  -97.72132821879399  921.4273320253708
0.8826870918273926  -33.57624349780339  -97.72132821879399  921.4273320253708
0.938835620880127  -33.57624349780339  -97.72132821879399  921.4273320253708
1.0004291534423828  -33.57624349780339  -97.72132821879399  921.4273320253708
1.098465919494629  -33.57624349780339  -97.72132821879399  921.4273320253708
1.1885735988616943  -33.57624349780339  -97.72132821879399  921.4273320253708
1.253368854522705  -33.57624349780339  -97.72132821879399  921.4273320253708
1.3228168487548828  -33.57624349780339  -97.72132821879399  921.4273320253708
1.416135311126709  -33.57624349780339  -97.72132821879399  921.4273320253708
1.482579231262207  -33.57624349780339  -97.72132821879399  921.4273320253708
1.5473785400390625  -33.57624349780339  -97.72132821879399  921.4273320253708
1.6085424423217773  -33.57624349780339  -97.72132821879399  921.4273320253708
1.6931920051574707  -33.57624349780339  -97.72132821879399  921.4273320253708
1.7547640800476074  -33.57624349780339  -97.72132821879399  921.4273320253708
1.825089931488037  -33.57624349780339  -97.72132821879399  921.4273320253708
1.9260532855987549  -33.57624349780339  -97.72132821879399  921.4273320253708
2.038425922393799  -33.57624349780339  -97.72132821879399  921.4273320253708
2.1119842529296875  -33.57624349780339  -97.72132821879399  921.4273320253708
2.18985652923584  -33.57624349780339  -97.72132821879399  921.4273320253708
2.2750864028930664  -33.57624349780339  -97.72132821879399  921.4273320253708
2.335768222808838  -33.57624349780339  -97.72132821879399  921.4273320253708
2.4073984622955322  -33.57624349780339  -97.72132821879399  921.4273320253708
2.4806625843048096  -33.57624349780339  -97.72132821879399  921.4273320253708
2.5515189170837402  -33.57624349780339  -97.72132821879399  921.4273320253708
2.6301937103271484  -33.57624349780339  -97.72132821879399  921.4273320253708
2.6850337982177734  -33.57624349780339  -97.72132821879399  921.4273320253708
2.769874095916748  -33.57624349780339  -97.72132821879399  921.4273320253708
2.838597297668457  -33.57624349780339  -97.72132821879399  921.4273320253708
2.897355079650879  -33.57624349780339  -97.72132821879399  921.4273320253708
2.9843850135803223  -33.57624349780339  -97.72132821879399  921.4273320253708
3.039984703063965  -33.57624349780339  -97.72132821879399  921.4273320253708
3.1438002586364746  -33.57624349780339  -97.72132821879399  921.4273320253708
3.214661121368408  -33.57624349780339  -97.72132821879399  921.4273320253708
3.2777953147888184  -33.57624349780339  -97.72132821879399  921.4273320253708
3.3576502799987793  -33.57624349780339  -97.72132821879399  921.4273320253708
3.4243712425231934  -33.57624349780339  -97.72132821879399  921.4273320253708
3.4776511192321777  -33.57624349780339  -97.72132821879399  921.4273320253708
3.5378856658935547  -33.57624349780339  -97.72132821879399  921.4273320253708
3.600155830383301  -33.57624349780339  -97.72132821879399  921.4273320253708
3.678342342376709  -33.57624349780339  -97.72132821879399  921.4273320253708
3.742003917694092  -33.57624349780339  -97.72132821879399  921.4273320253708
3.7941908836364746  -33.57624349780339  -97.72132821879399  921.4273320253708
3.879608154296875  -33.57624349780339  -97.72132821879399  921.4273320253708
3.957463264465332  -33.57624349780339  -97.72132821879399  921.4273320253708
4.012644529342651  -33.57624349780339  -97.72132821879399  921.4273320253708
4.077513217926025  -33.57624349780339  -97.72132821879399  921.4273320253708
4.140564203262329  -33.57624349780339  -97.72132821879399  921.4273320253708
4.199987411499023  -33.57624349780339  -97.72132821879399  921.4273320253708
4.25361967086792  -33.57624349780339  -97.72132821879399  921.4273320253708
4.353236198425293  -33.57624349780339  -97.72132821879399  921.4273320253708
4.423226833343506  -33.57624349780339  -97.72132821879399  921.4273320253708
4.506599187850952  -33.57624349780339  -97.72132821879399  921.4273320253708
4.567287921905518  -33.57624349780339  -97.72132821879399  921.4273320253708
4.617506265640259  -33.57624349780339  -97.72132821879399  921.4273320253708
4.695600986480713  -33.57624349780339  -97.72132821879399  921.4273320253708
4.783184766769409  -33.57624349780339  -97.72132821879399  921.4273320253708
4.834530830383301  -33.57624349780339  -97.72132821879399  921.4273320253708
4.889419317245483  -33.57624349780339  -97.72132821879399  921.4273320253708
4.991924285888672  -33.57624349780339  -97.72132821879399  921.4273320253708
5.042541980743408  -33.57624349780339  -97.72132821879399  921.4273320253708
5.118634462356567  -33.57624349780339  -97.72132821879399  921.4273320253708
5.176630973815918  -33.57624349780339  -97.72132821879399  921.4273320253708
5.231528282165527  -33.57624349780339  -97.72132821879399  921.4273320253708
5.288592338562012  -33.57624349780339  -97.72132821879399  921.4273320253708
5.3413403034210205  -33.57624349780339  -97.72132821879399  921.4273320253708
5.4070563316345215  -33.57624349780339  -97.72132821879399  921.4273320253708
5.4780426025390625  -33.57624349780339  -97.72132821879399  921.4273320253708
5.531383037567139  -33.57624349780339  -97.72132821879399  921.4273320253708
5.643736362457275  -33.57624349780339  -97.72132821879399  921.4273320253708
5.730304002761841  -33.57624349780339  -97.72132821879399  921.4273320253708
