0.0  -493.790981033976  -193.14898685551387  1292.7074587649988
0.052310943603515625  -493.790981033976  -193.14898685551387  1292.7074587649988
0.16624164581298828  -493.790981033976  -193.14898685551387  1292.7074587649988
0.26088905334472656  -493.790981033976  -193.14898685551387  1292.7074587649988
0.31706714630126953  -493.790981033976  -193.14898685551387  1292.7074587649988
0.40146374702453613  -493.790981033976  -193.14898685551387  1292.7074587649988
0.5076484680175781  -493.790981033976  -193.14898685551387  1292.7074587649988
0.5691637992858887  -493.790981033976  -193.14898685551387  1292.7074587649988
0.6245417594909668  -493.790981033976  -193.14898685551387  1292.7074587649988
0.6949825286865234  -493.790981033976  -193.14898685551387  1292.7074587649988
0.7476162910461426  -493.790981033976  -193.14898685551387  1292.7074587649988
0.8262734413146973  -493.790981033976  -193.14898685551387  1292.7074587649988
0.9058103561401367  -493.790981033976  -193.14898685551387  1292.7074587649988
0.9780852794647217  -493.790981033976  -193.14898685551387  1292.7074587649988
1.0512869358062744  -493.790981033976  -193.14898685551387  1292.7074587649988
1.122990608215332  -493.790981033976  -193.14898685551387  1292.7074587649988
1.1806330680847168  -493.790981033976  -193.14898685551387  1292.7074587649988
1.2308058738708496  -493.790981033976  -193.14898685551387  1292.7074587649988
1.286745309829712  -493.790981033976  -193.14898685551387  1292.7074587649988
1.351076602935791  -493.790981033976  -193.14898685551387  1292.7074587649988
1.4099631309509277  -493.790981033976  -193.14898685551387  1292.7074587649988
1.4824845790863037  -493.790981033976  -193.14898685551387  1292.7074587649988
1.5448956489562988  -493.790981033976  -193.14898685551387  1292.7074587649988
1.5991053581237793  -493.790981033976  -193.14898685551387  1292.7074587649988
1.6813790798187256  -493.790981033976  -193.14898685551387  1292.7074587649988
1.793044090270996  -493.790981033976  -193.14898685551387  1292.7074587649988
1.8667373657226562  -493.790981033976  -193.14898685551387  1292.7074587649988
1.9346718788146973  -493.790981033976  -193.14898685551387  1292.7074587649988
1.9903287887573242  -493.790981033976  -193.14898685551387  1292.7074587649988
2.0599117279052734  -493.790981033976  -193.14898685551387  1292.7074587649988
2.1921885013580322  -493.790981033976  -193.14898685551387  1292.7074587649988
2.251375675201416  -493.790981033976  -193.14898685551387  1292.7074587649988
2.315284490585327  -493.790981033976  -193.14898685551387  1292.7074587649988
2.448484420776367  -493.790981033976  -193.14898685551387  1292.7074587649988
2.4991166591644287  -493.790981033976  -193.14898685551387  1292.7074587649988
2.584338665008545  -493.790981033976  -193.14898685551387  1292.7074587649988
2.639983654022217  -493.790981033976  -193.14898685551387  1292.7074587649988
2.7122504711151123  -493.790981033976  -193.14898685551387  1292.7074587649988
2.7902793884277344  -493.790981033976  -193.14898685551387  1292.7074587649988
2.841703176498413  -493.790981033976  -193.14898685551387  1292.7074587649988
2.910825252532959  -493.790981033976  -193.14898685551387  1292.7074587649988
3.0058302879333496  -493.790981033976  -193.14898685551387  1292.7074587649988
3.069592237472534  -493.790981033976  -193.14898685551387  1292.7074587649988
3.1282875537872314  -493.790981033976  -193.14898685551387  1292.7074587649988
3.1783998012542725  -493.790981033976  -193.14898685551387  1292.7074587649988
3.232816696166992  -493.790981033976  -193.14898685551387  1292.7074587649988
3.287168025970459  -493.790981033976  -193.14898685551387  1292.7074587649988
3.344804286956787  -493.790981033976  -193.14898685551387  1292.7074587649988
3.406306266784668  -493.790981033976  -193.14898685551387  1292.7074587649988
3.4636027812957764  -493.790981033976  -193.14898685551387  1292.7074587649988
3.52766752243042  -493.790981033976  -193.14898685551387  1292.7074587649988
3.6068363189697266  -493.790981033976  -193.14898685551387  1292.7074587649988
3.6610052585601807  -493.790981033976  -193.14898685551387  1292.7074587649988
3.741961717605591  -493.790981033976  -193.14898685551387  1292.7074587649988
