0.03993082046508789  -94.61570289128782  -130.68013801486364  1481.7882010696442
0.12152099609375  -94.61570289128782  -130.68013801486364  1481.7882010696442
0.23434734344482422  -94.61570289128782  -130.68013801486364  1481.7882010696442
0.3099045753479004  -94.61570289128782  -130.68013801486364  1481.7882010696442
0.3879380226135254  -94.61570289128782  -130.68013801486364  1481.7882010696442
0.6484720706939697  -94.61570289128782  -130.68013801486364  1481.7882010696442
0.8003900051116943  -94.61570289128782  -130.68013801486364  1481.7882010696442
0.9654598236083984  -94.61570289128782  -130.68013801486364  1481.7882010696442
1.0196890830993652  -94.61570289128782  -130.68013801486364  1481.7882010696442
1.127568244934082  -94.61570289128782  -130.68013801486364  1481.7882010696442
1.5000040531158447  -94.61570289128782  -130.68013801486364  1481.7882010696442
1.6356136798858643  -94.61570289128782  -130.68013801486364  1481.7882010696442
1.723473072052002  -94.61570289128782  -130.68013801486364  1481.7882010696442
1.9825339317321777  -94.61570289128782  -130.68013801486364  1481.7882010696442
2.276442050933838  -94.61570289128782  -130.68013801486364  1481.7882010696442
2.336212396621704  -94.61570289128782  -130.68013801486364  1481.7882010696442
2.587282419204712  -94.61570289128782  -130.68013801486364  1481.7882010696442
2.6889758110046387  -94.61570289128782  -130.68013801486364  1481.7882010696442
2.855830669403076  -94.61570289128782  -130.68013801486364  1481.7882010696442
3.0576040744781494  -94.61570289128782  -130.68013801486364  1481.7882010696442
3.4099245071411133  -94.61570289128782  -130.68013801486364  1481.7882010696442
3.5662519931793213  -94.61570289128782  -130.68013801486364  1481.7882010696442
3.848546028137207  -94.61570289128782  -130.68013801486364  1481.7882010696442
3.9753875732421875  -94.61570289128782  -130.68013801486364  1481.7882010696442
4.31494140625  -94.61570289128782  -130.68013801486364  1481.7882010696442
