0.0  -33.57624349780339  -97.72132821879399  921.4273320253708
0.056177616119384766  -33.57624349780339  -97.72132821879399  921.4273320253708
0.11393070220947266  -33.57624349780339  -97.72132821879399  921.4273320253708
0.20260024070739746  -33.57624349780339  -97.72132821879399  921.4273320253708
0.2803339958190918  -33.57624349780339  -97.72132821879399  921.4273320253708
0.36744165420532227  -33.57624349780339  -97.72132821879399  921.4273320253708
0.4182908535003662  -33.57624349780339  -97.72132821879399  921.4273320253708
0.5290367603302002  -33.57624349780339  -97.72132821879399  921.4273320253708
0.5809268951416016  -33.57624349780339  -97.72132821879399  921.4273320253708
0.631340503692627  -33.57624349780339  -97.72132821879399  921.4273320253708
0.7020740509033203  -33.57624349780339  -97.72132821879399  921.4273320253708
0.777259111404419  -33.57624349780339  -97.72132821879399  921.4273320253708
0.8635320663452148  -33.57624349780339  -97.72132821879399  921.4273320253708
0.9367949962615967  -33.57624349780339  -97.72132821879399  921.4273320253708
1.0140814781188965  -33.57624349780339  -97.72132821879399  921.4273320253708
1.1134727001190186  -33.57624349780339  -97.72132821879399  921.4273320253708
1.1709694862365723  -33.57624349780339  -97.72132821879399  921.4273320253708
1.2347931861877441  -33.57624349780339  -97.72132821879399  921.4273320253708
1.2873785495758057  -33.57624349780339  -97.72132821879399  921.4273320253708
1.35540771484375  -33.57624349780339  -97.72132821879399  921.4273320253708
1.4059672355651855  -33.57624349780339  -97.72132821879399  921.4273320253708
1.4564638137817383  -33.57624349780339  -97.72132821879399  921.4273320253708
1.5190722942352295  -33.57624349780339  -97.72132821879399  921.4273320253708
1.606907606124878  -33.57624349780339  -97.72132821879399  921.4273320253708
1.6643638610839844  -33.57624349780339  -97.72132821879399  921.4273320253708
1.7559514045715332  -33.57624349780339  -97.72132821879399  921.4273320253708
1.8239455223083496  -33.57624349780339  -97.72132821879399  921.4273320253708
1.8826723098754883  -33.57624349780339  -97.72132821879399  921.4273320253708
1.939821720123291  -33.57624349780339  -97.72132821879399  921.4273320253708
2.021116256713867  -33.57624349780339  -97.72132821879399  921.4273320253708
2.0902609825134277  -33.57624349780339  -97.72132821879399  921.4273320253708
2.205656051635742  -33.57624349780339  -97.72132821879399  921.4273320253708
2.2658820152282715  -33.57624349780339  -97.72132821879399  921.4273320253708
2.3274102210998535  -33.57624349780339  -97.72132821879399  921.4273320253708
2.4136340618133545  -33.57624349780339  -97.72132821879399  921.4273320253708
2.528130531311035  -33.57624349780339  -97.72132821879399  921.4273320253708
2.6085500717163086  -33.57624349780339  -97.72132821879399  921.4273320253708
2.690769672393799  -33.57624349780339  -97.72132821879399  921.4273320253708
2.7531118392944336  -33.57624349780339  -97.72132821879399  921.4273320253708
2.810487985610962  -33.57624349780339  -97.72132821879399  921.4273320253708
2.8802523612976074  -33.57624349780339  -97.72132821879399  921.4273320253708
2.962998867034912  -33.57624349780339  -97.72132821879399  921.4273320253708
3.064075231552124  -33.57624349780339  -97.72132821879399  921.4273320253708
3.1297478675842285  -33.57624349780339  -97.72132821879399  921.4273320253708
3.183220863342285  -33.57624349780339  -97.72132821879399  921.4273320253708
3.2371535301208496  -33.57624349780339  -97.72132821879399  921.4273320253708
3.312565803527832  -33.57624349780339  -97.72132821879399  921.4273320253708
3.3687262535095215  -33.57624349780339  -97.72132821879399  921.4273320253708
3.4192380905151367  -33.57624349780339  -97.72132821879399  921.4273320253708
3.508307695388794  -33.57624349780339  -97.72132821879399  921.4273320253708
3.5699820518493652  -33.57624349780339  -97.72132821879399  921.4273320253708
3.630164384841919  -33.57624349780339  -97.72132821879399  921.4273320253708
3.700624465942383  -33.57624349780339  -97.72132821879399  921.4273320253708
3.753586769104004  -33.57624349780339  -97.72132821879399  921.4273320253708
3.805692672729492  -33.57624349780339  -97.72132821879399  921.4273320253708
3.8735086917877197  -33.57624349780339  -97.72132821879399  921.4273320253708
3.940016269683838  -33.57624349780339  -97.72132821879399  921.4273320253708
4.0042078495025635  -33.57624349780339  -97.72132821879399  921.4273320253708
4.069823503494263  -33.57624349780339  -97.72132821879399  921.4273320253708
4.134778022766113  -33.57624349780339  -97.72132821879399  921.4273320253708
4.225335121154785  -33.57624349780339  -97.72132821879399  921.4273320253708
4.293857097625732  -33.57624349780339  -97.72132821879399  921.4273320253708
4.359848976135254  -33.57624349780339  -97.72132821879399  921.4273320253708
4.441478252410889  -33.57624349780339  -97.72132821879399  921.4273320253708
4.498541593551636  -33.57624349780339  -97.72132821879399  921.4273320253708
4.564264297485352  -33.57624349780339  -97.72132821879399  921.4273320253708
4.616374492645264  -33.57624349780339  -97.72132821879399  921.4273320253708
4.690990447998047  -33.57624349780339  -97.72132821879399  921.4273320253708
4.757789134979248  -33.57624349780339  -97.72132821879399  921.4273320253708
4.826717376708984  -33.57624349780339  -97.72132821879399  921.4273320253708
4.908320426940918  -33.57624349780339  -97.72132821879399  921.4273320253708
4.962400913238525  -33.57624349780339  -97.72132821879399  921.4273320253708
5.042626857757568  -33.57624349780339  -97.72132821879399  921.4273320253708
