0.0  -120.55561940973986  18.252031089047286  520.7154188167474
0.8670172691345215  -119.60925184496546  18.907570578704824  534.2489114222835
0.9173407554626465  -115.879889373328  18.43589798561688  540.1347966860023
0.9679641723632812  -111.60554747197052  18.2633796503777  543.6887926260869
1.0420665740966797  -102.86654467939276  17.816349785680003  525.4397466684015
1.0932979583740234  -98.13629348069884  17.730305835192286  521.700615884493
1.1664319038391113  -91.57283306194364  18.871454266531654  544.3815602746283
1.2725086212158203  -82.31647544602285  15.539850578131832  537.8656675376806
1.3417139053344727  -79.38776596257078  11.234813938804153  529.8525176300357
1.3926520347595215  -79.57177572613459  8.48058758751576  536.8351891444552
1.4666190147399902  -79.81643298587353  4.023702449777509  542.6772428032696
1.5944976806640625  -79.7976428572947  -3.176328636541132  555.5542709324782
1.669100046157837  -80.48597956918582  -7.180170772626931  558.9588098263955
1.7413911819458008  -80.18458707034308  -12.109927864298902  570.4844287760681
1.816469669342041  -78.85366719331678  -16.0018950950325  578.9438310081498
1.928513526916504  -81.97080228234839  -21.041637875660452  570.1929252075881
1.991112232208252  -86.91412530680073  -26.747089398710454  592.6926380907786
2.044055461883545  -91.7392445789635  -27.47677125139881  588.536791936758
2.1159350872039795  -97.86124491185384  -26.94873343423105  571.5701882993588
2.1705195903778076  -102.30929739253185  -27.55407408704921  576.5345433940279
2.221126079559326  -107.88866593695093  -27.704561162597052  577.9767302284814
2.293543815612793  -115.64832859227387  -26.940805044286396  589.6710961486879
2.3466756343841553  -119.83718319811936  -27.226800466266862  593.0021119318226
2.416466236114502  -125.17718549260351  -26.92645118035138  575.0081111243616
2.4677681922912598  -130.79707205358147  -27.07478815634497  576.426981080969
2.591665744781494  -143.45550119288322  -26.35268266314705  584.5423070736755
2.6663055419921875  -149.38849728769347  -23.607705507901404  580.1161919184507
2.7169344425201416  -152.97180125121187  -22.28688949406532  587.1219438475856
2.8263754844665527  -155.29000689677892  -17.765712738747183  579.0703153935166
2.892190456390381  -155.3956088356404  -12.414327692107042  575.4767396286076
2.9663305282592773  -155.55917357966382  -7.749211648713113  566.7903907605838
3.019061803817749  -154.99467344627712  -4.372910678802567  562.0795135402509
3.0708963871002197  -154.41842365399143  -1.3865189672806062  557.1359736197411
3.141171932220459  -153.1771303790955  3.6685021985414257  548.5942725839342
3.197298526763916  -152.6134060961725  6.590760352569567  543.4267300892211
3.3419137001037598  -148.9899409505999  16.337123611248273  536.6194714284687
3.4167885780334473  -143.67762156927463  19.22438254181313  541.4356798061596
3.4669415950775146  -138.90252751950723  19.908676396447095  545.3156492531895
3.5457539558410645  -128.52959674454428  19.194711570419987  526.8538906512098
3.619495391845703  -123.7587451426032  19.839191015381633  542.1605768683587
3.669879674911499  -118.3194095635085  20.018451712863822  543.8627851201094
3.7407779693603516  -109.33619746090206  18.164835995295498  524.9410937827405
3.791520595550537  -105.92814498654066  17.932778880848836  520.5357694330266
3.846208333969116  -101.17901044323135  18.01742561215888  529.2245348034896
3.9178876876831055  -95.25118658071396  19.408722630556365  541.649001071131
3.9950525760650635  -88.18293448428112  17.317294874374188  524.2460043188605
4.06626558303833  -82.29494067976925  15.13897213904233  537.9798680290787
4.140702247619629  -79.75500445816371  10.036488536527013  527.0900253944869
4.193758487701416  -79.53918455883593  7.35424845905621  536.7980642896637
4.244189500808716  -80.13729903292999  4.448928435199667  541.1068356830625
4.317351579666138  -79.24068411816285  0.37528330326021636  550.4752220630429
4.367862224578857  -79.1302754893549  -1.8146181284290144  555.3878069968146
4.419689893722534  -80.26821249826578  -4.83184693047068  551.1853490260987
4.491119861602783  -80.62374986679484  -10.217682259024354  567.9207712702764
4.598461151123047  -80.4328003827217  -15.32889051461336  578.2387566986785
4.741614818572998  -84.12950693788456  -24.878217326853495  586.1618741143415
4.797711610794067  -88.53465504179086  -26.72669168958601  591.3528853885563
4.867952585220337  -95.11111601099566  -26.875220291495676  570.8675245274648
4.992516994476318  -107.0767926458354  -26.8261671881639  587.9111024543394
5.047400951385498  -111.75353885434725  -26.650229791377892  593.315942267298
5.116727352142334  -117.85510906178929  -27.02197436769437  578.5624304079485
5.190732955932617  -126.98326292606524  -27.364460961184648  596.1274370424904
5.24876070022583  -130.8214742122022  -26.74215719623754  592.0714048525899
5.317386627197266  -136.56659040246709  -26.66783728077468  574.4288243437338
5.421928882598877  -146.4763381153802  -24.983616312384804  578.6049564155733
5.491426706314087  -152.85916367432085  -23.494205945071702  592.8875702065184
5.543757915496826  -154.41617835275727  -20.56302447341269  588.3970478376584
5.596864223480225  -155.23571052702107  -17.615782431831665  581.3089241251772
5.6678996086120605  -156.81460473681656  -13.73812876864232  574.747981437162
5.769809722900391  -155.61211412540885  -6.6534030241042394  564.1317586742205
5.841007232666016  -154.34151307992767  -1.508645145386861  558.8845690689755
5.897124290466309  -153.1328021497961  2.1900887986794246  548.3161595236929
5.967118263244629  -152.67144394869553  5.951614113535463  541.6505300478357
6.041250705718994  -151.45042260072682  11.322162165336103  535.7437202510375
6.170077323913574  -146.99056416185226  18.360985966478456  541.7439675868492
6.243783473968506  -138.80540275030415  19.437188586218458  529.2980425190265
6.316365003585815  -131.92810246834028  19.971812018512  537.620554604126
6.421196222305298  -122.53833257224726  19.77804669233286  540.4457586707139
6.492466926574707  -114.21029433980407  19.682265941499136  529.0156732641857
6.542636394500732  -108.19856706894828  18.74669860317322  523.8631952394317
6.596099376678467  -104.02289704731048  18.97284672873329  527.076457844561
6.702645301818848  -95.0754913556397  18.86935565302799  531.9435807588193
6.788215160369873  -87.8693622541801  18.503450885174612  541.8331764225511
6.849030017852783  -82.01549578559114  14.602549113634876  526.2194260856008
6.976728200912476  -79.30474316117402  8.585571794120773  533.8552132300823
7.032284736633301  -79.14257980118599  5.004157885410369  538.5347265122186
7.083099603652954  -79.36047404694341  2.1995558231144705  545.3839411678434
7.133455038070679  -79.21854506552046  -1.1089749553817165  550.1695313655301
7.190742015838623  -80.43308741071785  -5.525062469311602  560.3596696565418
7.31829571723938  -80.686688419538  -12.219140685213768  566.2034917899447
7.372088193893433  -79.31659995264468  -15.511718701386508  575.5515798131491
7.482195138931274  -82.3067263719161  -22.325237979475585  572.7338036359357
7.541074752807617  -87.33105365057159  -25.83977441496295  589.4427154645457
7.669988632202148  -97.42220911327925  -26.84589419332362  569.0161268966439
7.72055459022522  -103.55039798744953  -27.317093706671095  578.8242106649559
7.7931413650512695  -110.93824400029659  -27.57131724003156  594.316186600382
7.845048427581787  -115.65263850980485  -26.60085147962723  589.9934135489984
7.9196248054504395  -120.3458251422885  -26.108351362220965  573.5864899090853
7.992418050765991  -130.06104612605176  -26.86612665160676  593.2579218208009
8.116978645324707  -138.97710953509915  -25.659319249734313  566.3527740655812
8.170458555221558  -143.12845269565372  -25.491293916079997  569.2573332366433
8.221704006195068  -149.32552497083458  -24.039793347029235  583.0864489746074
8.291546821594238  -154.41531913002078  -21.013421121039435  588.5912495770956
8.42026138305664  -156.10511240810894  -13.733216818784488  575.3904944946565
8.490939855575562  -155.5369862737376  -7.653607084558916  566.2825437957811
8.545230388641357  -154.21551158909816  -4.413016890158975  560.8731957831423
8.692893028259277  -152.54491268147743  4.78114848777724  546.2216560103794
8.746028900146484  -151.98810310949546  7.274915788937206  541.2669818193874
8.818381786346436  -151.53916741870347  11.339365849836797  537.8839346364293
8.892446994781494  -148.39149191688568  17.369055038578043  534.3591086794402
8.993181943893433  -138.42348055871557  19.071961162589112  521.7626797609846
9.046489238739014  -133.76931940147284  19.021493845299357  525.2333253225501
9.117395162582397  -128.32421384016592  19.98572640380672  543.0077941910466
9.192533493041992  -120.47951232075779  18.341498259185954  531.0783929697247
9.246333599090576  -116.26138873733842  18.533963475923258  526.983640075265
9.317917108535767  -109.00630502960865  19.67809924096105  543.8190772870013
9.372490882873535  -104.05118228541703  18.846469746370587  539.6630955301324
9.44460153579712  -97.14555760195424  18.601481165005143  525.0402029070649
9.517401218414307  -89.68879615755695  18.620675463071485  538.1165344892988
9.568449974060059  -85.27514390115883  17.79218190795361  541.1304670930919
9.623140335083008  -81.23511343076682  15.492610961356746  536.1909853989797
9.691141605377197  -78.962186411106  10.930727192197923  532.71555793919
9.817570686340332  -78.72048791857715  3.2825595005714847  540.8141923147019
9.868242740631104  -79.31620691391095  0.3184229696264223  545.200680685673
9.974014282226562  -79.78535608347447  -6.078085859885013  554.5431326578729
10.042476654052734  -81.06545732933132  -10.86292950735113  564.224278389228
10.095234155654907  -81.32463710958736  -12.922874513616325  572.2512716924284
10.16893720626831  -80.44228148090961  -16.78253858776989  577.4873244416187
10.241508483886719  -82.985375789997  -22.774173128980795  584.310916524722
10.29430866241455  -85.32869634231348  -24.966885651970998  588.2080152164443
10.418175458908081  -95.88317775276514  -26.865411869881438  570.2488337835287
10.468746185302734  -102.01565378803369  -26.893538058578688  579.9464062501194
10.542314529418945  -108.5705855118329  -27.604414989026807  596.3327278475516
10.609418392181396  -113.03362326629383  -26.5234311689325  586.3557830849272
10.671904563903809  -118.51139596020823  -26.355842769688095  569.2388033657684
10.747791767120361  -128.71475043738394  -25.97592567244556  591.3261068817633
10.866713047027588  -137.42781670287823  -25.780984990445386  570.7474528529999
10.919410705566406  -141.76807375643918  -25.839409315657555  567.5154963519565
10.969885349273682  -147.96721838816563  -23.859011077653566  577.7992155245679
11.094440460205078  -155.20191353408538  -18.910007923764272  584.6729050806687
11.148138046264648  -156.00702177241052  -15.121516214274553  577.2932701606339
11.218377828598022  -156.15663546243917  -11.720139949947052  572.2817539556622
11.342551231384277  -154.29607149961458  -3.0141550611347068  558.5990576004986
11.394392013549805  -153.04744854750308  0.7959228615162388  553.975069133851
11.446922302246094  -153.15641416148435  3.340984289108879  548.283755842717
11.51746416091919  -152.71513993993761  7.411912596985986  541.9212746598273
11.568808555603027  -151.52169268868377  11.4161648217172  537.4302274860278
11.620028972625732  -150.93389718261344  15.596039433878747  541.3606345380098
11.742931365966797  -140.23026173334324  19.612972223812044  525.3466533110437
11.79360318183899  -133.90844587329906  19.525010796616268  523.1161804305111
11.917824268341064  -123.60574631036083  20.78918348192518  544.7402215324051
12.028076648712158  -113.30953539530381  19.91339680490865  539.8490192593132
12.078904628753662  -109.00630502960865  19.67809924096105  543.8190772870013
12.141955375671387  -101.63077413538741  19.221471980605962  531.4342532399609
12.193992137908936  -97.44571013169093  18.789107758060027  522.628699832571
12.253326177597046  -91.72954819384701  18.476321421894287  522.2196099778932
12.318698167800903  -85.65192071607808  17.662661605278437  538.2901524473702
12.392735481262207  -80.55650689654203  13.957401103792868  527.165556030092
12.447017192840576  -78.95150317182075  10.211723101020976  532.5671768004397
12.5188889503479  -78.7522035897932  6.528037007869033  541.6835947443234
12.59499979019165  -79.27207630830137  1.6200846526581425  546.2751031577204
12.670417785644531  -79.16277616579387  -1.6110547944998774  550.6843426033515
12.740910768508911  -79.01858038890688  -2.830420985768539  556.4321894640476
