0.046156883239746094  -1.8336695134840542  170.35751849315594  842.3836511858176
0.26173877716064453  -1.8336695134840542  170.35751849315594  842.3836511858176
0.6260876655578613  -1.8336695134840542  170.35751849315594  842.3836511858176
0.6825292110443115  -1.8336695134840542  170.35751849315594  842.3836511858176
0.743659496307373  -1.8336695134840542  170.35751849315594  842.3836511858176
0.9518780708312988  -1.8336695134840542  170.35751849315594  842.3836511858176
1.0045475959777832  -1.8336695134840542  170.35751849315594  842.3836511858176
1.144618272781372  -1.8336695134840542  170.35751849315594  842.3836511858176
1.2556557655334473  -1.8336695134840542  170.35751849315594  842.3836511858176
1.3075385093688965  -1.8336695134840542  170.35751849315594  842.3836511858176
1.5000131130218506  -1.8336695134840542  170.35751849315594  842.3836511858176
1.7891521453857422  -1.8336695134840542  170.35751849315594  842.3836511858176
2.152981996536255  -1.8336695134840542  170.35751849315594  842.3836511858176
2.2547354698181152  -1.8336695134840542  170.35751849315594  842.3836511858176
2.832935333251953  -1.8336695134840542  170.35751849315594  842.3836511858176
2.8903589248657227  -1.8336695134840542  170.35751849315594  842.3836511858176
3.2007946968078613  -1.8336695134840542  170.35751849315594  842.3836511858176
3.3012571334838867  -1.8336695134840542  170.35751849315594  842.3836511858176
3.6714773178100586  -1.8336695134840542  170.35751849315594  842.3836511858176
3.945966958999634  -1.8336695134840542  170.35751849315594  842.3836511858176
4.140936613082886  -1.8336695134840542  170.35751849315594  842.3836511858176
4.253819465637207  -1.8336695134840542  170.35751849315594  842.3836511858176
4.466002702713013  -1.8336695134840542  170.35751849315594  842.3836511858176
4.568838596343994  -1.8336695134840542  170.35751849315594  842.3836511858176
5.126742362976074  -1.8336695134840542  170.35751849315594  842.3836511858176
5.555326461791992  -1.8336695134840542  170.35751849315594  842.3836511858176
5.7998270988464355  -1.8336695134840542  170.35751849315594  842.3836511858176
6.134702444076538  -1.8336695134840542  170.35751849315594  842.3836511858176
6.2483625411987305  -1.8336695134840542  170.35751849315594  842.3836511858176
6.415196418762207  -1.8336695134840542  170.35751849315594  842.3836511858176
6.505194425582886  -1.8336695134840542  170.35751849315594  842.3836511858176
6.657305479049683  -1.8336695134840542  170.35751849315594  842.3836511858176
6.716921329498291  -1.8336695134840542  170.35751849315594  842.3836511858176
6.883930206298828  -1.8336695134840542  170.35751849315594  842.3836511858176
6.947116374969482  -1.8336695134840542  170.35751849315594  842.3836511858176
7.062320947647095  -1.8336695134840542  170.35751849315594  842.3836511858176
7.157995223999023  -1.8336695134840542  170.35751849315594  842.3836511858176
7.4370832443237305  -1.8336695134840542  170.35751849315594  842.3836511858176
7.692533731460571  -1.8336695134840542  170.35751849315594  842.3836511858176
8.195957899093628  -1.8336695134840542  170.35751849315594  842.3836511858176
8.363443851470947  -1.8336695134840542  170.35751849315594  842.3836511858176
8.531962633132935  -1.8336695134840542  170.35751849315594  842.3836511858176
8.861982822418213  -1.8336695134840542  170.35751849315594  842.3836511858176
9.14223051071167  -1.8336695134840542  170.35751849315594  842.3836511858176
9.641504764556885  -1.8336695134840542  170.35751849315594  842.3836511858176
10.06134581565857  -1.8336695134840542  170.35751849315594  842.3836511858176
10.431314945220947  -1.8336695134840542  170.35751849315594  842.3836511858176
11.000901699066162  -1.8336695134840542  170.35751849315594  842.3836511858176
11.090811014175415  -1.8336695134840542  170.35751849315594  842.3836511858176
11.317907333374023  -1.8336695134840542  170.35751849315594  842.3836511858176
11.617164134979248  -1.8336695134840542  170.35751849315594  842.3836511858176
11.911284923553467  -1.8336695134840542  170.35751849315594  842.3836511858176
12.098469495773315  -1.8336695134840542  170.35751849315594  842.3836511858176
12.310853481292725  -1.8336695134840542  170.35751849315594  842.3836511858176
12.71071481704712  -1.8336695134840542  170.35751849315594  842.3836511858176
12.896229267120361  -1.8336695134840542  170.35751849315594  842.3836511858176
13.287793159484863  -1.8336695134840542  170.35751849315594  842.3836511858176
13.707102537155151  -1.8336695134840542  170.35751849315594  842.3836511858176
14.071972370147705  -1.8336695134840542  170.35751849315594  842.3836511858176
14.479597568511963  -1.8336695134840542  170.35751849315594  842.3836511858176
14.688978672027588  -1.8336695134840542  170.35751849315594  842.3836511858176
14.748100757598877  -1.8336695134840542  170.35751849315594  842.3836511858176
14.961534976959229  -1.8336695134840542  170.35751849315594  842.3836511858176
15.107508420944214  -1.8336695134840542  170.35751849315594  842.3836511858176
15.447249412536621  -1.8336695134840542  170.35751849315594  842.3836511858176
15.655051469802856  -1.8336695134840542  170.35751849315594  842.3836511858176
15.819880962371826  -1.8336695134840542  170.35751849315594  842.3836511858176
16.146535396575928  -1.8336695134840542  170.35751849315594  842.3836511858176
16.616563081741333  -1.8336695134840542  170.35751849315594  842.3836511858176
