0.0  -50.782184859340724  -361.40234500352136  1775.3255953322757
0.05856633186340332  -50.782184859340724  -361.40234500352136  1775.3255953322757
0.17503762245178223  -50.782184859340724  -361.40234500352136  1775.3255953322757
0.26089906692504883  -50.782184859340724  -361.40234500352136  1775.3255953322757
0.40879321098327637  -50.782184859340724  -361.40234500352136  1775.3255953322757
0.4593040943145752  -50.782184859340724  -361.40234500352136  1775.3255953322757
0.5610635280609131  -50.782184859340724  -361.40234500352136  1775.3255953322757
0.6199550628662109  -50.782184859340724  -361.40234500352136  1775.3255953322757
0.8167645931243896  -50.782184859340724  -361.40234500352136  1775.3255953322757
0.8995187282562256  -50.782184859340724  -361.40234500352136  1775.3255953322757
0.9531481266021729  -50.782184859340724  -361.40234500352136  1775.3255953322757
1.014472246170044  -50.782184859340724  -361.40234500352136  1775.3255953322757
1.112731695175171  -50.782184859340724  -361.40234500352136  1775.3255953322757
1.2581160068511963  -50.782184859340724  -361.40234500352136  1775.3255953322757
1.4928219318389893  -50.782184859340724  -361.40234500352136  1775.3255953322757
1.6153442859649658  -50.782184859340724  -361.40234500352136  1775.3255953322757
1.6728675365447998  -50.782184859340724  -361.40234500352136  1775.3255953322757
1.8130943775177002  -50.782184859340724  -361.40234500352136  1775.3255953322757
1.9778249263763428  -50.782184859340724  -361.40234500352136  1775.3255953322757
2.1801235675811768  -50.782184859340724  -361.40234500352136  1775.3255953322757
2.373722791671753  -50.782184859340724  -361.40234500352136  1775.3255953322757
2.436769723892212  -50.782184859340724  -361.40234500352136  1775.3255953322757
2.642713785171509  -50.782184859340724  -361.40234500352136  1775.3255953322757
2.7758991718292236  -50.782184859340724  -361.40234500352136  1775.3255953322757
2.8487117290496826  -50.782184859340724  -361.40234500352136  1775.3255953322757
3.100043773651123  -50.782184859340724  -361.40234500352136  1775.3255953322757
3.222217321395874  -50.782184859340724  -361.40234500352136  1775.3255953322757
3.3098671436309814  -50.782184859340724  -361.40234500352136  1775.3255953322757
3.5210187435150146  -50.782184859340724  -361.40234500352136  1775.3255953322757
3.6204135417938232  -50.782184859340724  -361.40234500352136  1775.3255953322757
3.695349931716919  -50.782184859340724  -361.40234500352136  1775.3255953322757
3.756669282913208  -50.782184859340724  -361.40234500352136  1775.3255953322757
3.995831251144409  -50.782184859340724  -361.40234500352136  1775.3255953322757
4.09904146194458  -50.782184859340724  -361.40234500352136  1775.3255953322757
4.410107851028442  -50.782184859340724  -361.40234500352136  1775.3255953322757
4.579505681991577  -50.782184859340724  -361.40234500352136  1775.3255953322757
4.769118070602417  -50.782184859340724  -361.40234500352136  1775.3255953322757
5.049015045166016  -50.782184859340724  -361.40234500352136  1775.3255953322757
5.253778696060181  -50.782184859340724  -361.40234500352136  1775.3255953322757
5.460596323013306  -50.782184859340724  -361.40234500352136  1775.3255953322757
5.826636552810669  -50.782184859340724  -361.40234500352136  1775.3255953322757
5.911296129226685  -50.782184859340724  -361.40234500352136  1775.3255953322757
6.021912574768066  -50.782184859340724  -361.40234500352136  1775.3255953322757
6.078907251358032  -50.782184859340724  -361.40234500352136  1775.3255953322757
6.1473069190979  -50.782184859340724  -361.40234500352136  1775.3255953322757
6.250514268875122  -50.782184859340724  -361.40234500352136  1775.3255953322757
6.315965414047241  -50.782184859340724  -361.40234500352136  1775.3255953322757
6.397332668304443  -50.782184859340724  -361.40234500352136  1775.3255953322757
6.5544445514678955  -50.782184859340724  -361.40234500352136  1775.3255953322757
6.622239112854004  -50.782184859340724  -361.40234500352136  1775.3255953322757
6.708392858505249  -50.782184859340724  -361.40234500352136  1775.3255953322757
6.7670557498931885  -50.782184859340724  -361.40234500352136  1775.3255953322757
6.9109742641448975  -50.782184859340724  -361.40234500352136  1775.3255953322757
7.050532102584839  -50.782184859340724  -361.40234500352136  1775.3255953322757
7.12345290184021  -50.782184859340724  -361.40234500352136  1775.3255953322757
7.18715500831604  -50.782184859340724  -361.40234500352136  1775.3255953322757
7.244039058685303  -50.782184859340724  -361.40234500352136  1775.3255953322757
7.407644033432007  -50.782184859340724  -361.40234500352136  1775.3255953322757
7.5297768115997314  -50.782184859340724  -361.40234500352136  1775.3255953322757
7.614619970321655  -50.782184859340724  -361.40234500352136  1775.3255953322757
7.713923215866089  -50.782184859340724  -361.40234500352136  1775.3255953322757
7.77503514289856  -50.782184859340724  -361.40234500352136  1775.3255953322757
7.907784461975098  -50.782184859340724  -361.40234500352136  1775.3255953322757
8.067057847976685  -50.782184859340724  -361.40234500352136  1775.3255953322757
8.123707056045532  -50.782184859340724  -361.40234500352136  1775.3255953322757
8.218082666397095  -50.782184859340724  -361.40234500352136  1775.3255953322757
8.275676965713501  -50.782184859340724  -361.40234500352136  1775.3255953322757
8.478192567825317  -50.782184859340724  -361.40234500352136  1775.3255953322757
8.614815711975098  -50.782184859340724  -361.40234500352136  1775.3255953322757
8.696975231170654  -50.782184859340724  -361.40234500352136  1775.3255953322757
8.874810934066772  -50.782184859340724  -361.40234500352136  1775.3255953322757
8.956655979156494  -50.782184859340724  -361.40234500352136  1775.3255953322757
9.080799341201782  -50.782184859340724  -361.40234500352136  1775.3255953322757
9.157286405563354  -50.782184859340724  -361.40234500352136  1775.3255953322757
9.253323316574097  -50.782184859340724  -361.40234500352136  1775.3255953322757
9.313161611557007  -50.782184859340724  -361.40234500352136  1775.3255953322757
9.428134679794312  -50.782184859340724  -361.40234500352136  1775.3255953322757
9.48280143737793  -50.782184859340724  -361.40234500352136  1775.3255953322757
9.56027340888977  -50.782184859340724  -361.40234500352136  1775.3255953322757
9.664766073226929  -50.782184859340724  -361.40234500352136  1775.3255953322757
9.73634648323059  -50.782184859340724  -361.40234500352136  1775.3255953322757
9.87953495979309  -50.782184859340724  -361.40234500352136  1775.3255953322757
9.963804960250854  -50.782184859340724  -361.40234500352136  1775.3255953322757
10.115401029586792  -50.782184859340724  -361.40234500352136  1775.3255953322757
10.171108961105347  -50.782184859340724  -361.40234500352136  1775.3255953322757
10.373484373092651  -50.782184859340724  -361.40234500352136  1775.3255953322757
10.442438125610352  -50.782184859340724  -361.40234500352136  1775.3255953322757
10.63808798789978  -50.782184859340724  -361.40234500352136  1775.3255953322757
10.751881837844849  -50.782184859340724  -361.40234500352136  1775.3255953322757
10.838132381439209  -50.782184859340724  -361.40234500352136  1775.3255953322757
10.919793367385864  -50.782184859340724  -361.40234500352136  1775.3255953322757
11.019554376602173  -50.782184859340724  -361.40234500352136  1775.3255953322757
11.102363348007202  -50.782184859340724  -361.40234500352136  1775.3255953322757
11.184288740158081  -50.782184859340724  -361.40234500352136  1775.3255953322757
11.236787796020508  -50.782184859340724  -361.40234500352136  1775.3255953322757
11.316039562225342  -50.782184859340724  -361.40234500352136  1775.3255953322757
11.429420948028564  -50.782184859340724  -361.40234500352136  1775.3255953322757
11.579370260238647  -50.782184859340724  -361.40234500352136  1775.3255953322757
11.680568218231201  -50.782184859340724  -361.40234500352136  1775.3255953322757
11.918880224227905  -50.782184859340724  -361.40234500352136  1775.3255953322757
12.108859062194824  -50.782184859340724  -361.40234500352136  1775.3255953322757
12.286714553833008  -50.782184859340724  -361.40234500352136  1775.3255953322757
12.374072313308716  -50.782184859340724  -361.40234500352136  1775.3255953322757
12.442927122116089  -50.782184859340724  -361.40234500352136  1775.3255953322757
12.518937349319458  -50.782184859340724  -361.40234500352136  1775.3255953322757
12.673282861709595  -50.782184859340724  -361.40234500352136  1775.3255953322757
12.763548612594604  -50.782184859340724  -361.40234500352136  1775.3255953322757
12.85433030128479  -50.782184859340724  -361.40234500352136  1775.3255953322757
12.976531744003296  -50.782184859340724  -361.40234500352136  1775.3255953322757
13.076316118240356  -50.782184859340724  -361.40234500352136  1775.3255953322757
13.159337759017944  -50.782184859340724  -361.40234500352136  1775.3255953322757
13.245634317398071  -50.782184859340724  -361.40234500352136  1775.3255953322757
13.308704614639282  -50.782184859340724  -361.40234500352136  1775.3255953322757
13.416442155838013  -50.782184859340724  -361.40234500352136  1775.3255953322757
13.500929117202759  -50.782184859340724  -361.40234500352136  1775.3255953322757
