0.026778697967529297  -10.42128252334311  -235.62279255551402  874.4102553192373
0.13398122787475586  -10.42128252334311  -235.62279255551402  874.4102553192373
0.24888348579406738  -10.42128252334311  -235.62279255551402  874.4102553192373
0.3039560317993164  -10.42128252334311  -235.62279255551402  874.4102553192373
0.38454103469848633  -10.42128252334311  -235.62279255551402  874.4102553192373
0.45120978355407715  -10.42128252334311  -235.62279255551402  874.4102553192373
0.5315227508544922  -10.42128252334311  -235.62279255551402  874.4102553192373
0.5994939804077148  -10.42128252334311  -235.62279255551402  874.4102553192373
0.6543617248535156  -10.42128252334311  -235.62279255551402  874.4102553192373
0.7067561149597168  -10.42128252334311  -235.62279255551402  874.4102553192373
0.8058300018310547  -10.42128252334311  -235.62279255551402  874.4102553192373
0.8826870918273926  -10.42128252334311  -235.62279255551402  874.4102553192373
0.938835620880127  -10.42128252334311  -235.62279255551402  874.4102553192373
1.0004291534423828  -10.42128252334311  -235.62279255551402  874.4102553192373
1.098465919494629  -10.42128252334311  -235.62279255551402  874.4102553192373
1.1885735988616943  -10.42128252334311  -235.62279255551402  874.4102553192373
1.253368854522705  -10.42128252334311  -235.62279255551402  874.4102553192373
1.3228168487548828  -10.42128252334311  -235.62279255551402  874.4102553192373
1.416135311126709  -10.42128252334311  -235.62279255551402  874.4102553192373
1.482579231262207  -10.42128252334311  -235.62279255551402  874.4102553192373
1.5473785400390625  -10.42128252334311  -235.62279255551402  874.4102553192373
1.6085424423217773  -10.42128252334311  -235.62279255551402  874.4102553192373
1.6931920051574707  -10.42128252334311  -235.62279255551402  874.4102553192373
1.7547640800476074  -10.42128252334311  -235.62279255551402  874.4102553192373
1.825089931488037  -10.42128252334311  -235.62279255551402  874.4102553192373
1.9058375358581543  -10.42128252334311  -235.62279255551402  874.4102553192373
2.030190944671631  -10.42128252334311  -235.62279255551402  874.4102553192373
2.1119842529296875  -10.42128252334311  -235.62279255551402  874.4102553192373
2.18985652923584  -10.42128252334311  -235.62279255551402  874.4102553192373
2.2750864028930664  -10.42128252334311  -235.62279255551402  874.4102553192373
2.335768222808838  -10.42128252334311  -235.62279255551402  874.4102553192373
2.4073984622955322  -10.42128252334311  -235.62279255551402  874.4102553192373
2.4806625843048096  -10.42128252334311  -235.62279255551402  874.4102553192373
2.5515189170837402  -10.42128252334311  -235.62279255551402  874.4102553192373
2.6301937103271484  -10.42128252334311  -235.62279255551402  874.4102553192373
2.6850337982177734  -10.42128252334311  -235.62279255551402  874.4102553192373
2.769874095916748  -10.42128252334311  -235.62279255551402  874.4102553192373
2.838597297668457  -10.42128252334311  -235.62279255551402  874.4102553192373
2.897355079650879  -10.42128252334311  -235.62279255551402  874.4102553192373
2.9843850135803223  -10.42128252334311  -235.62279255551402  874.4102553192373
3.039984703063965  -10.42128252334311  -235.62279255551402  874.4102553192373
3.107571601867676  -10.42128252334311  -235.62279255551402  874.4102553192373
3.1680808067321777  -10.42128252334311  -235.62279255551402  874.4102553192373
3.241028308868408  -10.42128252334311  -235.62279255551402  874.4102553192373
3.3032402992248535  -10.42128252334311  -235.62279255551402  874.4102553192373
3.3576502799987793  -10.42128252334311  -235.62279255551402  874.4102553192373
3.4243712425231934  -10.42128252334311  -235.62279255551402  874.4102553192373
3.4776511192321777  -10.42128252334311  -235.62279255551402  874.4102553192373
3.5378856658935547  -10.42128252334311  -235.62279255551402  874.4102553192373
3.600155830383301  -10.42128252334311  -235.62279255551402  874.4102553192373
3.678342342376709  -10.42128252334311  -235.62279255551402  874.4102553192373
3.742003917694092  -10.42128252334311  -235.62279255551402  874.4102553192373
3.7941908836364746  -10.42128252334311  -235.62279255551402  874.4102553192373
3.879608154296875  -10.42128252334311  -235.62279255551402  874.4102553192373
3.957463264465332  -10.42128252334311  -235.62279255551402  874.4102553192373
4.012644529342651  -10.42128252334311  -235.62279255551402  874.4102553192373
4.077513217926025  -10.42128252334311  -235.62279255551402  874.4102553192373
4.140564203262329  -10.42128252334311  -235.62279255551402  874.4102553192373
4.199987411499023  -10.42128252334311  -235.62279255551402  874.4102553192373
4.25361967086792  -10.42128252334311  -235.62279255551402  874.4102553192373
4.324377536773682  -10.42128252334311  -235.62279255551402  874.4102553192373
4.423226833343506  -10.42128252334311  -235.62279255551402  874.4102553192373
4.506599187850952  -10.42128252334311  -235.62279255551402  874.4102553192373
4.567287921905518  -10.42128252334311  -235.62279255551402  874.4102553192373
4.617506265640259  -10.42128252334311  -235.62279255551402  874.4102553192373
4.695600986480713  -10.42128252334311  -235.62279255551402  874.4102553192373
4.783184766769409  -10.42128252334311  -235.62279255551402  874.4102553192373
4.834530830383301  -10.42128252334311  -235.62279255551402  874.4102553192373
4.889419317245483  -10.42128252334311  -235.62279255551402  874.4102553192373
4.991924285888672  -10.42128252334311  -235.62279255551402  874.4102553192373
5.042541980743408  -10.42128252334311  -235.62279255551402  874.4102553192373
5.096869945526123  -10.42128252334311  -235.62279255551402  874.4102553192373
5.176630973815918  -10.42128252334311  -235.62279255551402  874.4102553192373
5.231528282165527  -10.42128252334311  -235.62279255551402  874.4102553192373
5.288592338562012  -10.42128252334311  -235.62279255551402  874.4102553192373
5.3413403034210205  -10.42128252334311  -235.62279255551402  874.4102553192373
5.4070563316345215  -10.42128252334311  -235.62279255551402  874.4102553192373
5.4780426025390625  -10.42128252334311  -235.62279255551402  874.4102553192373
5.531383037567139  -10.42128252334311  -235.62279255551402  874.4102553192373
5.636743545532227  -10.42128252334311  -235.62279255551402  874.4102553192373
5.730304002761841  -10.42128252334311  -235.62279255551402  874.4102553192373
